8.76958
9.17465
9.37373
8.72728
8.85093
9.05391
8.70821
8.85854
8.83985
8.74146
9.12357
8.84642
8.66824
8.8968
8.5734
8.81279
8.73389
8.71989
9.09528
9.02194
9.01276
8.86182
8.82174
8.98047
8.94491
8.74533
8.85307
9.12666
8.7906
9.01992
8.92273
8.69824
8.80113
9.2709
8.67223
8.77252
8.98254
9.31221
8.69735
9.17121
8.67825
8.8485
8.75294
9.35133
8.92592
8.41837
8.64253
8.35334
9.00441
8.49106
8.5743
8.8194
9.09032
8.53463
9.03443
8.97341
8.95319
8.76369
9.05759
8.79859
9.23278
8.94315
8.84446
8.90178
9.07789
9.09074
9.0869
8.8467
8.32673
8.93227
9.15162
8.80853
8.88338
8.83989
8.50931
8.73741
8.86849
9.2472
8.81454
8.99154
8.88966
8.89307
8.91153
8.53176
8.79034
8.92837
8.43916
9.09369
8.72977
9.03733
8.89342
8.64912
8.92467
8.71107
8.71145
8.91088
8.92378
8.79945
8.96707
9.09865
9.1941
9.06135
8.86706
9.00361
9.19884
9.24515
9.07315
9.2011
8.88634
8.85016
9.34099
9.53624
8.83617
8.9583
9.34367
9.1538
9.19973
9.50441
9.36766
8.5649
9.37295
9.32192
9.63896
9.36146
8.73122
9.10372
9.30928
8.98109
8.84038
9.26722
8.7414
9.19299
9.0769
9.12696
9.13723
9.18395
9.24704
8.704
9.26012
8.64543
9.30424
8.72576
9.05757
8.99879
9.27657
8.59875
9.37552
9.28898
9.44448
8.87258
9.05301
9.49189
9.24227
8.78983
9.51715
9.078
9.14843
8.98404
9.13654
8.85286
9.38934
9.03568
8.98413
8.93498
9.06363
8.8698
8.97964
9.37054
9.18934
9.18686
9.49227
9.23651
9.29881
9.76974
8.97539
9.39321
9.18552
8.93006
9.0979
9.28606
9.10951
9.16315
9.21208
9.02487
8.55236
9.05915
9.13898
9.44742
9.02894
9.28813
8.93879
9.248
9.18311
9.14512
9.1642
9.46557
8.99628
8.96592
9.09364
8.93058
9.06524
9.32355
8.78759
8.82692
9.04891
9.00364
8.6963
8.96071
9.05007
8.95735
8.81311
8.94454
9.30881
9.19047
9.0621
8.80695
9.0271
9.05836
8.71953
8.97182
9.06526
9.31288
8.89159
8.96865
8.75351
9.18094
8.85715
8.57309
9.01563
8.914
8.56108
8.7809
8.91711
8.85876
8.62848
8.93631
9.0385
9.45952
8.42422
8.75187
8.2645
8.77238
9.12343
8.83203
9.06515
8.75977
8.77984
8.90664
9.26641
9.11973
8.80233
8.75202
8.65972
8.93789
8.4518
9.19671
8.7706
8.83776
9.07971
9.0205
8.70688
8.80045
9.14524
9.02279
9.10967
8.98211
9.03315
8.92117
9.31741
8.92411
9.38717
8.5975
9.02497
8.74452
8.96243
8.64736
8.98123
8.68251
8.73683
8.8379
8.83769
9.1521
8.69272
8.69713
9.34245
8.91537
8.81377
9.24005
9.09474
9.02203
9.04831
9.01742
9.14448
9.11361
9.40051
9.08261
9.10737
9.03776
9.102
9.21091
9.45562
9.12454
9.24882
9.00839
9.22958
9.16532
9.03963
9.34747
9.15347
9.21146
9.12808
9.25601
9.31029
9.40951
9.48071
9.05433
9.21566
8.94594
9.18043
8.94705
9.04229
9.12106
9.09919
9.06072
9.34153
9.47702
8.78109
8.94359
9.38188
8.91602
8.85944
9.05218
9.26216
9.0484
9.13686
9.49951
8.92736
9.15428
9.57261
9.85139
9.26002
9.55667
9.48237
9.31992
9.28032
9.55927
8.86046
9.21834
8.68126
9.22995
8.9877
9.31486
8.70388
9.07971
9.51417
9.08716
9.21278
9.31498
8.91507
9.33578
9.27476
8.97474
9.21061
9.34279
8.99244
9.42205
9.58372
9.02088
8.9546
8.44018
9.0109
9.01033
9.32004
9.01614
8.7309
9.13826
9.31359
9.08193
8.90149
9.51533
9.91014
9.05979
9.23664
9.63117
9.09655
9.0805
9.03623
9.71939
9.23933
9.51762
8.94781
9.49825
9.54372
8.60041
9.11219
9.07108
9.31717
9.2769
9.19199
9.49698
9.11859
8.98284
9.27983
9.44089
9.51359
9.46318
9.31263
9.35562
9.05438
8.7893
9.39996
9.84249
9.50589
9.18352
9.23971
9.55189
9.11697
9.52849
9.30423
9.27004
9.15542
9.38803
8.67926
9.65762
9.42954
9.32367
9.03517
9.41518
9.35396
9.15791
9.17786
9.3438
9.44037
8.93058
9.33859
9.0438
9.3055
8.78351
9.27431
9.40096
9.31696
9.10006
8.90211
9.55793
9.18741
9.24503
9.23175
9.24898
8.77691
9.32875
9.59465
9.01254
9.33865
9.14111
9.37828
9.05397
9.11851
9.18804
9.42211
9.08184
9.14355
9.4486
9.20727
9.35594
9.46232
9.32252
9.13804
9.16471
9.07999
8.70426
9.4783
9.27014
9.10865
9.04725
9.35294
9.75154
8.95049
9.19839
9.13104
9.02358
9.22661
9.15769
9.31951
9.31123
9.42953
9.05943
9.01657
9.09138
9.02056
9.05151
8.89186
9.12135
8.93762
9.42586
9.05271
9.22553
8.98343
9.10877
9.54187
9.2739
9.15061
8.9882
9.3199
9.11074
9.25076
9.53752
9.16573
9.07862
8.90784
9.05336
9.05052
9.29992
8.83916
9.35195
9.20934
9.11967
9.06898
9.45535
9.03183
9.2055
8.6985
9.28082
8.81946
9.00814
8.92447
9.06786
9.15833
8.88482
9.53292
8.79459
9.17944
8.86824
9.1795
9.36777
9.38741
8.80906
9.34804
8.67219
9.17926
9.07531
9.18916
8.89407
9.07992
9.14801
9.46058
8.96431
8.74925
9.03988
9.39642
8.92312
9.03059
9.0085
9.13455
9.12116
8.97193
9.24338
8.93247
8.98797
9.07588
9.23535
9.028
9.14369
8.9314
8.82505
8.64345
9.03645
8.95577
8.93653
9.45085
9.13355
9.16018
8.94551
9.30396
8.70785
8.81065
9.46012
9.02005
8.96676
9.51844
9.50142
9.50284
9.29098
9.29503
9.40065
8.98149
9.45929
9.6921
9.04263
9.24623
9.25094
9.33296
9.51831
9.50721
9.2437
9.28272
9.09619
9.06972
9.25098
9.20685
9.06286
9.40317
9.16217
9.03226
9.03682
9.06996
9.21377
9.53851
9.16155
8.95557
9.25432
9.15053
9.34809
9.40568
8.88764
9.29128
9.15986
9.29236
8.92707
8.71428
9.16773
9.27466
8.89964
9.19631
9.09157
8.98156
9.18991
9.27267
9.53399
9.10116
9.25612
9.10763
9.399
9.20484
9.53276
9.17862
9.20729
9.21006
8.70469
8.53877
9.83653
8.49141
8.98946
9.01519
9.03618
9.20156
9.16735
8.96816
9.2207
9.65164
8.90377
9.03297
9.46317
9.50702
9.62118
9.37682
8.96708
9.06734
9.41511
8.99333
9.46514
9.4596
9.24136
9.07396
9.2939
9.13905
8.96221
9.37001
9.10914
9.00724
9.04128
9.5419
9.27417
8.98379
9.41529
9.17026
9.28578
9.02608
9.10708
9.46035
8.7248
8.89359
8.99214
9.1592
9.4503
9.24825
9.28167
9.26327
9.07434
8.95951
8.93811
9.45843
9.09195
8.89857
9.01289
9.68131
9.34868
9.73588
9.03477
9.13659
9.38276
8.75519
9.07955
9.17168
9.22054
9.29365
9.13312
8.85864
9.17076
9.41257
8.96892
9.06618
9.18481
9.04174
9.58376
8.7165
9.21573
9.16675
9.2491
9.21307
9.50546
9.53134
9.4595
8.94162
9.20502
9.105
9.02973
9.24722
9.44461
9.50001
8.84997
9.07437
8.91731
9.02764
9.13705
8.75351
9.03007
9.25798
9.18049
8.93103
9.12948
9.37989
9.29484
8.97603
8.87724
9.21943
9.22336
9.02005
8.68428
9.20466
9.39698
8.9955
8.99103
9.13984
9.51354
9.06645
9.32889
9.11174
9.09999
9.43821
9.28974
9.15522
9.41551
9.45026
9.06334
9.39422
9.57852
8.73237
9.08297
8.89849
9.25625
8.75663
8.92197
9.26949
9.11396
9.21252
9.43193
9.03734
9.29672
9.4141
8.9094
9.08412
9.39751
9.03827
9.17899
9.32162
9.22878
9.2811
9.32967
8.96397
8.91772
9.15985
8.70142
9.17038
8.99451
9.38387
8.96367
9.37416
8.93057
9.29431
8.9373
9.04685
9.01705
9.26288
8.98403
9.32797
8.82889
9.39372
8.843
8.96084
9.20064
9.55916
9.31184
9.09824
8.98678
8.91839
8.91094
9.31972
8.92339
8.92329
8.95657
9.12232
9.22439
9.38513
8.70269
9.26124
9.40393
9.41481
9.25187
9.18303
9.07715
8.87894
9.33588
9.17182
9.40716
8.99663
8.90187
8.98346
9.1991
8.94794
8.60733
8.95609
8.99793
8.89693
8.77729
9.15189
8.99991
9.0369
8.8488
9.01953
8.97965
9.05492
8.93519
9.25921
9.31739
9.4453
8.75676
9.10839
9.01691
9.43695
9.33647
9.35017
9.18191
9.12356
8.85795
9.66115
9.45634
9.44944
9.02932
9.48144
9.18362
8.95734
9.45977
9.43863
9.01005
8.99388
9.26828
9.06814
9.05749
9.23095
9.30133
9.19945
9.04996
8.71436
9.29575
9.18822
9.53922
9.39192
9.26185
9.14486
9.08554
9.46762
9.33162
9.39503
9.0781
9.31106
9.14544
9.31988
9.019
8.88195
9.35515
9.6062
9.08379
9.08169
8.94545
9.38719
9.20325
9.32044
8.91416
9.21135
9.45708
9.58507
8.78726
9.35854
9.2052
9.3585
9.36134
9.28552
9.15863
9.31327
8.95018
9.42377
9.09901
9.27787
9.23183
8.9697
9.44929
9.09753
9.26166
9.42603
9.00935
9.3271
8.98002
9.11396
9.03507
9.18662
9.01555
9.50157
9.23838
9.1096
9.07281
9.37216
9.3595
9.1777
9.55822
9.09829
9.34407
8.55032
8.99917
9.25276
8.9847
9.10495
9.31877
9.32522
9.35074
9.15374
9.32274
9.01072
9.13643
9.48775
9.13582
9.78303
8.8469
8.66379
8.68631
9.42932
9.1389
8.84583
9.24234
8.90701
9.05596
8.85604
8.76586
9.2821
9.10283
9.19283
8.90617
9.35093
9.16821
9.51841
9.04248
8.67815
9.27368
8.84981
9.05062
8.79014
9.33673
9.06557
9.07309
9.27208
9.20172
9.25837
9.07053
9.01591
8.88857
8.99526
9.04773
9.14574
9.03181
9.31199
9.1113
9.21637
9.40213
9.1897
9.20807
9.01823
8.88352
9.12997
9.20012
9.27609
9.04385
9.58605
9.39151
9.17744
9.20706
9.23623
8.90946
9.00471
8.96093
8.9334
9.06747
9.46723
8.85435
8.94528
9.27675
9.11029
8.88644
9.19786
9.06641
9.29606
9.34485
9.3812
9.37948
9.29682
9.38449
9.38568
8.99884
9.00332
9.53819
9.14177
9.1047
9.35223
9.13833
9.34072
9.16479
9.35868
9.27654
9.19739
9.19934
9.10074
9.21575
9.02063
9.22903
9.61741
8.98847
9.27727
8.86585
9.39663
9.10399
9.22512
8.96834
9.56982
9.24579
9.32213
9.49096
9.05793
9.40768
9.03783
9.72557
9.12356
9.17666
9.25336
9.25205
9.09544
9.44127
8.85535
8.92891
9.41207
9.49959
9.28986
9.30522
9.05026
9.22583
9.29508
9.13253
8.65892
9.09726
9.46071
9.10478
9.31269
9.10995
8.97553
9.28749
8.96304
9.6208
9.17342
9.43336
8.9758
9.08209
9.31335
9.44071
9.00071
8.79745
9.29439
9.24073
9.3283
8.61572
8.93144
9.27401
9.01922
9.17887
9.01154
9.43874
9.31153
8.9901
9.49947
8.46469
9.07707
9.10606
9.52943
9.26854
9.30806
9.33751
9.17172
9.37785
8.8194
9.09105
9.1853
9.16179
9.42577
9.47788
9.3618
8.70063
9.36071
9.47097
8.84939
9.14816
9.20017
9.07934
8.68797
8.87595
8.84146
9.15654
8.78147
9.32848
8.93588
9.2567
9.1033
9.1909
9.2767
8.7374
8.61588
9.07395
9.31315
8.88558
8.94468
8.89277
9.18206
8.82937
9.19844
9.28994
8.98508
9.16389
9.17755
9.33954
9.4151
9.00974
9.22796
9.04767
9.19316
8.87812
9.11197
8.88053
9.11255
9.17346
8.99918
8.73897
9.49586
8.84058
8.75889
9.06439
9.04292
9.40945
9.26634
9.15591
9.10404
9.44358
9.18262
9.35629
9.23999
9.05603
9.02257
9.25841
8.66061
9.09667
8.80439
8.86252
9.19893
9.24415
9.63163
9.06382
9.29665
8.92636
9.09927
9.24425
9.4092
9.19524
9.39789
9.58416
9.06125
9.59733
9.107
9.10385
9.52375
9.1097
9.17714
9.3539
9.07634
8.99283
9.24734
9.2719
9.22642
9.11694
9.1976
9.44352
9.00998
9.73682
9.19603
9.71475
9.20636
9.6923
8.98364
8.87106
8.83851
9.27831
9.33822
9.40823
9.035
9.28316
9.15863
9.31578
9.52905
8.84376
9.28726
9.2896
9.11843
9.17284
9.13571
9.53225
9.30911
9.2152
9.34219
9.01219
9.09551
8.82808
9.3741
8.8459
9.28153
8.60984
9.53219
8.84265
9.11712
9.10058
9.1045
8.91604
9.24749
9.23615
8.89701
8.93186
9.51671
9.1401
8.99309
9.02589
9.1256
9.25965
8.6844
9.38413
9.02743
9.35039
9.39936
9.05436
9.39219
9.2685
9.11398
8.86848
8.78366
9.08628
9.14689
9.16455
9.3716
8.70003
9.36083
9.3332
9.34917
9.46027
9.48218
9.32401
9.00297
9.55862
9.39147
9.10555
9.37418
8.97799
9.1457
9.65011
8.82643
9.38308
9.29058
9.19092
9.23774
9.32609
9.11961
9.49653
9.08446
9.20832
9.72134
8.93829
9.15872
9.45434
9.41058
9.35114
9.19476
9.14087
9.41788
9.27076
9.94758
9.21546
9.41566
9.064
9.46714
9.22168
8.93947
9.25385
9.10855
8.82552
9.25852
9.46312
9.01993
9.18511
9.49838
8.87701
9.51387
9.25009
9.28668
9.7937
9.41307
9.53172
9.02739
9.05941
9.29354
9.29844
9.34244
9.13483
9.50573
9.36706
9.38302
8.99972
9.14076
9.12666
9.23736
9.26932
9.23762
9.27065
9.00126
9.23586
9.10911
9.18884
9.14638
9.06399
9.02124
9.43999
9.73911
9.4924
9.11151
9.14635
9.34606
9.0443
9.36805
9.27458
9.54123
9.13457
9.0049
8.93537
8.96507
9.13873
9.61256
9.03855
9.0904
8.82309
8.94599
9.03367
9.37852
8.73629
9.02318
8.97482
8.98374
8.91238
9.41804
8.83167
9.22895
8.91059
8.71685
8.71575
9.11822
9.10505
8.93902
9.03385
9.16436
9.01104
8.97752
8.92314
8.8955
8.69174
9.214
8.99639
8.67367
9.03617
8.81399
8.94921
9.45217
8.99788
9.13177
8.72998
9.00863
8.95971
8.96166
9.19656
9.06018
8.80748
8.94393
8.78763
9.05971
9.3778
9.04465
9.08904
8.74917
8.91763
9.05499
8.956
8.68648
9.14042
9.63402
9.02208
9.21442
8.63484
8.96237
8.96546
9.15828
9.14829
8.94743
8.61929
8.70628
8.88229
8.63848
9.2252
9.23979
9.49076
8.70412
9.20387
8.62098
8.6291
8.83883
8.98105
9.31608
9.20159
9.13709
9.03083
8.91831
9.10021
9.22574
8.95378
9.09658
9.07579
8.90925
9.44492
8.68262
9.002
9.19137
9.07744
9.31081
9.22015
9.0594
9.1216
9.18758
9.24881
8.90912
9.04994
9.41086
8.98174
8.80776
8.8938
9.32206
8.96823
8.94361
8.5723
9.10218
9.31406
9.41078
9.29932
9.12046
9.10629
9.19407
9.04026
9.13098
8.68939
8.98376
8.8753
9.05438
9.04418
8.88864
8.88788
8.77446
8.7924
9.02198
8.94321
8.93962
8.82904
9.00957
9.26543
9.40319
8.67193
9.57243
8.9878
9.01635
9.23367
8.81437
9.11792
9.24531
9.19331
8.72576
8.85167
8.77894
8.8862
8.86394
9.0054
8.54808
9.14881
9.03983
8.92279
9.04257
9.06007
8.80961
8.99401
9.24721
8.93628
8.90221
9.20987
9.04145
9.18388
9.32562
9.12596
9.13868
9.18608
8.84537
9.06995
9.22992
9.50801
9.3119
9.3136
9.1773
9.4986
9.0971
9.50075
9.16102
9.32649
9.32737
8.8731
9.3888
9.06301
9.19581
9.55101
9.46508
9.04421
9.49853
9.61858
9.0568
9.00201
8.88101
9.46877
9.4595
9.1113
9.1818
9.14094
9.02295
9.2142
9.39769
9.48346
9.1994
8.98718
9.08789
8.94711
9.38107
8.85056
9.27455
9.32626
9.00626
9.30172
9.42557
9.28726
9.142
9.25415
9.36111
9.41058
9.36024
9.25199
9.24647
9.29093
9.23331
9.13134
8.94009
9.36168
9.16962
9.09882
9.17314
9.12944
9.30703
8.82999
8.91021
9.11738
9.41128
9.09068
9.27292
9.42347
9.14881
9.15187
9.08252
9.36437
9.47071
9.4724
9.52785
9.56888
9.43357
9.51743
8.82164
8.63032
9.11453
9.20123
9.36627
9.08072
9.50421
9.04089
8.90541
8.96201
9.21477
9.05489
9.30552
9.43329
8.83227
9.12615
9.48543
9.06471
9.48978
9.2146
9.28562
9.30328
8.97951
9.46226
9.02441
9.20373
9.16804
9.00015
8.7556
9.19725
9.69988
8.83336
9.37837
9.3176
9.34325
9.36596
8.97848
9.14948
9.34727
9.48401
8.9067
9.01612
9.38325
9.24924
9.17466
9.06831
9.24325
9.22723
9.28025
9.13935
9.23272
9.4462
9.29959
9.31687
9.37195
9.36642
9.16016
9.18521
9.11551
8.99774
9.05677
9.57661
9.49498
9.02735
9.19344
8.92882
9.27929
9.4317
9.31181
9.01461
9.21409
9.29491
9.00419
9.09325
9.18051
9.74428
9.32684
9.01322
9.16916
8.80635
9.22807
9.37779
9.33259
9.49574
9.26376
8.85305
9.30827
8.7027
9.04326
9.1163
9.2725
8.75818
9.55406
9.03553
9.06257
9.33311
9.30479
9.14616
9.05264
9.21013
9.14542
9.38481
9.18833
9.38142
9.1842
9.08426
8.90394
9.24044
8.95936
9.10075
8.70833
8.9277
9.46863
9.30511
8.9765
9.36593
8.9579
9.25226
8.9494
9.32299
9.18967
9.0828
9.23686
8.95825
8.88366
9.49666
9.08863
9.58087
9.13005
9.3083
9.35521
9.5361
9.24199
9.50063
9.46824
9.42664
9.4798
9.10651
9.29467
8.61908
9.14548
9.01229
8.91823
8.93847
9.03996
8.87042
9.22832
9.2244
9.38619
8.91316
9.11708
9.15482
9.20076
9.00837
8.9301
9.34915
9.18723
9.15187
9.00835
9.5429
8.8258
9.45593
9.56923
9.35605
9.02848
9.2771
9.32161
9.31892
9.39863
9.16119
8.94628
9.62736
9.64305
8.962
8.86812
9.49366
9.48372
9.4636
9.55065
9.46959
9.10458
9.39923
9.18527
8.90785
9.47975
9.77034
9.57689
9.39947
9.27639
9.00891
9.11959
9.53862
9.46237
9.48308
9.3249
9.05644
9.49633
9.25652
9.72931
9.1399
8.78877
9.13034
9.46361
9.10478
9.13575
9.12349
9.4919
9.14655
9.44548
9.44394
9.62639
9.16066
9.40548
9.57336
9.21744
9.39949
9.01275
9.49073
8.9845
9.28229
9.04006
9.15319
9.18284
9.41901
9.54451
9.64603
9.21531
9.35949
9.2016
8.91442
9.27616
9.36762
9.23282
8.88384
9.16393
9.04003
9.2767
8.96501
9.4234
9.05081
8.98072
9.37394
9.34106
9.32508
9.22755
9.28847
9.44981
9.14242
9.22561
9.10471
9.16749
8.90165
9.25813
9.25588
9.17392
9.24382
8.81835
9.0774
9.0949
9.39696
8.79109
9.20697
9.22559
9.11858
9.46237
8.72325
9.01251
9.23329
8.9099
9.43051
9.34863
8.75451
8.89795
9.08458
9.00057
9.07162
9.19749
9.10714
9.22056
9.17132
9.10119
8.68841
9.36662
9.17912
9.24021
9.211
9.19299
9.56795
9.02257
9.17754
9.35376
9.14614
8.83323
9.09573
8.68198
9.34509
8.89471
9.08943
8.81785
8.73166
9.09721
8.97189
9.32962
9.2039
8.89561
9.2782
9.2987
9.29564
9.3425
9.49833
8.82797
8.80549
9.01533
8.83157
9.21734
9.03893
9.32141
9.20286
9.30104
8.80215
8.6641
9.38425
9.22638
9.17615
9.32375
8.85287
9.62894
9.36059
8.61417
9.28554
9.39275
8.91144
8.88265
8.96545
9.27918
8.84293
9.00406
9.13096
9.04077
9.00238
9.22595
9.36786
9.10825
9.02299
8.87705
9.24881
9.12535
9.29799
8.88069
9.00365
8.87148
8.93701
8.78862
8.95179
8.5173
8.87861
8.93204
8.71492
9.21466
9.21697
8.8641
8.75807
9.34123
8.91341
9.30107
9.30188
9.14576
9.14638
9.31003
9.09756
9.38951
8.9561
9.36495
8.87182
9.4505
9.25071
8.89693
9.04502
8.98911
9.10018
9.36249
9.03341
9.13408
8.8802
9.2989
8.64423
9.00416
8.88718
9.0203
8.8285
9.39923
9.02602
8.81941
9.16262
9.24794
9.29063
8.98824
9.36022
8.95072
9.00581
9.47461
8.89082
9.46733
9.28544
8.93969
8.79945
9.20147
8.76572
9.55435
8.94758
8.94805
8.9743
9.39165
9.50091
8.87797
8.92167
9.08423
8.8361
8.72349
8.92874
9.04805
8.7081
9.27173
9.37159
9.33548
9.0593
9.2461
9.13471
8.83334
9.43159
8.76154
8.50646
8.95932
8.63896
9.4193
9.4649
8.9225
9.37319
8.82914
8.88983
9.16989
9.28771
9.14487
8.73384
9.1874
9.03444
9.23479
9.02284
8.69736
8.88425
8.95327
8.76706
8.99991
9.1294
8.99987
9.29165
9.02528
9.13327
9.26166
9.38978
8.77929
8.92078
9.11956
8.90385
8.85126
9.03346
9.63731
9.15753
9.16169
9.33565
8.76389
9.41027
9.07156
9.14339
9.09705
9.21822
9.07961
9.21838
9.33637
8.75851
8.94189
9.29992
9.12858
9.07503
9.13828
9.15792
9.14748
9.15666
9.02274
8.96528
8.87413
8.93919
9.05917
8.79156
9.24846
8.9643
8.93344
9.19558
9.39389
9.07395
9.15055
8.78995
9.1416
8.64615
9.08399
8.85453
9.15637
9.06469
9.36773
8.88276
9.33464
8.8913
9.23256
8.49129
9.2434
9.41671
9.17927
9.12313
8.47845
9.01331
9.33859
9.1987
9.23587
9.24333
8.78794
8.97575
9.17837
9.05756
9.04717
9.04857
8.93209
8.95588
8.98215
9.11133
9.29529
9.02396
8.98056
8.71596
9.16295
8.93648
8.91948
9.56116
9.24685
8.88383
8.86036
9.01624
9.0823
9.14537
9.0464
8.95121
9.21689
9.26429
9.32226
9.29963
8.86937
9.25817
8.95561
9.15922
9.23963
8.90268
9.20728
9.42452
9.37638
8.89888
9.03801
9.12299
9.25391
8.87918
9.2677
8.77837
9.28459
9.02852
9.43127
9.59616
9.31955
9.33981
9.23385
8.68699
9.05072
8.92603
8.89319
9.63976
9.07654
9.16232
9.40842
9.20728
9.66412
9.05108
9.13947
9.29274
9.07063
8.70204
9.26156
9.22972
9.29021
9.47149
9.24935
9.25625
9.14934
9.30634
9.31807
9.14645
9.13953
9.33589
9.48854
9.33551
9.52038
9.61597
9.39982
9.07693
9.11519
9.13096
9.04805
9.35142
9.22208
9.54786
9.62108
9.17457
9.47441
9.51732
9.44425
9.30414
9.23737
9.1335
9.42132
9.22312
9.07042
9.02763
9.65782
8.92198
9.12872
9.44737
8.90711
9.28927
9.09451
9.27995
9.21994
9.48852
9.09847
9.4419
9.19423
9.35372
9.10755
9.17409
9.4605
9.63375
9.23225
9.83867
8.85577
9.98197
9.08975
9.78704
8.73812
8.94534
9.6208
9.62116
8.90186
9.49522
9.11303
9.24407
9.33995
9.61173
9.60386
9.26114
9.20622
9.49727
9.11945
9.28662
9.3863
9.07478
9.40054
9.48929
9.06557
9.16066
9.18817
9.35366
9.35873
9.2576
9.33871
8.93213
9.38333
9.17276
9.17809
9.60592
9.42196
9.35008
9.33589
9.37616
9.38772
9.2937
8.79567
9.08782
8.76864
9.44561
9.44706
8.79846
9.12412
9.10165
8.87847
8.95972
8.93853
9.29641
8.86739
9.07862
9.15731
9.47729
8.81569
9.35166
8.83147
8.74563
9.08522
9.11839
8.814
9.23386
8.82056
8.96422
9.05585
9.25291
8.92933
9.29043
8.86385
9.12235
9.03758
9.0499
9.01813
8.89564
8.97476
8.91399
9.25821
9.07783
8.99376
9.14127
8.96351
8.95779
9.13791
9.27044
9.22164
9.12872
9.5385
9.19312
9.34786
9.01835
9.10001
8.91475
8.5791
9.21646
8.74327
9.05285
8.97083
8.60729
9.14959
9.10856
9.03392
9.24928
9.28462
9.16603
9.04849
8.89818
8.93222
9.43821
9.02359
9.27739
8.76608
9.43448
9.21288
9.26313
9.04283
8.8333
9.01916
9.04358
8.97015
9.19856
9.11392
9.0555
8.8741
9.10818
9.1736
8.95046
9.20235
8.71538
8.5032
9.35761
8.80791
8.83767
9.2741
8.62884
9.08218
9.20515
9.45733
9.06167
9.23347
9.07524
9.19825
8.51141
9.08211
8.88252
9.22604
9.07728
9.11992
8.82374
8.92802
8.80704
9.4191
9.24536
8.83538
9.16858
9.32098
8.60356
9.11249
9.29506
9.34888
9.21602
8.77147
9.49256
8.97172
9.11849
8.79216
9.11454
8.90981
8.97251
8.71273
9.10273
9.41085
9.47876
8.64407
9.10607
8.81487
8.86871
8.83937
8.92409
8.86652
9.53489
8.83476
9.48684
8.73719
8.63248
8.88252
9.01788
9.06286
8.76683
9.04771
9.24185
8.8699
9.14331
8.92861
9.12189
9.13922
9.30444
9.31491
8.71893
8.87051
9.05361
9.35601
9.13167
9.20353
8.92537
9.2726
9.08767
9.13076
9.32943
9.26345
8.67364
9.10584
8.88048
9.21615
9.32178
9.03771
9.49872
9.15521
8.76321
9.11302
9.0241
9.27883
8.86958
9.05428
8.93081
9.02973
9.04888
8.73689
9.44605
9.52164
8.93349
9.1555
9.32032
8.92358
9.13142
8.98364
8.87964
8.83162
9.20592
9.29116
9.17095
9.33217
9.18531
8.98782
9.26868
9.02397
8.99262
9.27305
8.80302
9.43429
8.86842
9.20009
9.05131
8.89191
8.81777
9.33302
9.30055
9.18244
9.26517
9.1718
8.9437
9.13192
8.91647
9.21827
9.48205
9.26492
9.03572
9.07563
9.26633
9.11994
8.96138
8.94086
9.36556
9.15258
8.7355
9.41061
9.43197
8.88808
9.57429
9.10935
9.39301
8.78263
9.42622
9.08177
9.06034
9.60631
9.14184
8.70945
9.39093
8.93876
9.25075
9.08887
9.46141
9.44626
8.95065
9.12128
9.44406
9.27753
9.50021
9.17339
9.06823
9.42959
8.96004
9.24423
9.42209
9.03148
8.76984
8.99072
9.07443
9.52314
9.37845
9.45433
9.16464
9.00173
9.29352
9.07419
8.80539
9.29691
9.36777
9.35761
9.44613
9.14289
8.91676
9.37452
9.41348
8.84557
8.60852
9.38124
8.9727
8.79452
8.9013
9.12836
9.28831
9.23495
9.26797
8.72859
9.04633
8.84574
9.04663
9.20362
9.53462
9.42856
8.91475
9.3526
9.26773
9.37698
9.59077
8.82393
9.43052
8.98522
9.28592
9.08895
8.76868
9.18446
9.15709
9.04921
9.55491
8.80111
9.06358
9.04148
9.50744
9.25661
9.31264
9.1788
9.16506
9.49568
9.14531
9.43448
8.96246
9.31157
8.96132
9.158
9.10456
9.28997
9.59489
9.60137
8.96476
8.90338
9.21623
9.15262
9.05211
9.16045
8.87227
8.95708
9.29745
8.98632
9.33313
9.0182
9.12979
9.23654
9.33963
9.22421
8.80418
9.25668
9.42854
9.16507
8.90826
8.98423
9.35032
9.2382
9.35094
9.26388
9.09145
9.33567
9.20484
9.25758
8.82692
9.17341
9.02761
9.26345
9.38988
9.24524
9.33158
9.22144
9.03266
9.13074
9.14555
9.47557
8.67946
9.22982
8.87666
9.16134
8.82335
9.39226
9.08175
9.60997
9.28867
9.38708
9.41826
8.93975
9.04276
9.14604
9.27378
9.62536
9.03025
9.14338
9.36181
9.10863
9.11159
9.22277
9.1084
9.04125
8.95836
8.99703
9.4142
9.5348
9.37805
9.10562
9.06395
9.17562
9.38448
9.38683
8.87142
9.37471
9.19708
9.11653
9.08374
8.97801
8.28861
8.59798
9.34142
8.96923
8.97322
8.9098
9.11944
8.91864
9.21373
9.29679
8.73524
8.82748
9.01609
8.92368
9.00285
9.02409
8.94925
9.17685
9.19288
9.12622
9.13651
9.20372
8.53833
9.50089
8.86184
9.23668
9.03338
8.78396
8.76763
9.10743
8.74936
9.42148
8.90754
9.07391
9.2131
9.49422
9.1008
8.94621
8.79225
9.15126
9.30673
9.10457
9.42077
8.95493
8.95871
8.08552
9.16637
9.01261
8.60081
8.66218
8.8811
9.21029
9.01665
9.23647
8.92902
9.21783
9.08179
8.92096
8.38
8.97342
8.72116
9.19477
9.25214
9.18853
9.08256
8.99865
9.08844
9.43346
9.32358
9.08548
9.06025
9.08205
9.05509
8.78756
9.21772
8.94961
9.13297
8.79915
8.96533
8.90534
9.67051
9.29035
9.55287
9.26476
9.58523
9.38073
9.30344
9.43439
9.03379
9.11987
8.93215
8.99984
9.3117
9.04716
9.54033
8.80734
9.30834
9.25995
9.24952
9.14357
9.70487
9.19043
9.3867
8.98958
9.57444
9.26412
9.22896
9.21877
9.20969
9.21817
9.04394
9.26886
9.05113
8.93256
8.89549
9.35279
8.92489
9.14367
9.45297
9.48213
9.34668
9.12151
9.32814
9.32019
9.34599
8.79095
9.79486
9.57705
9.52839
9.11587
9.13957
9.37994
9.42528
8.91528
8.99028
8.99749
9.2305
9.11153
9.08431
8.96307
9.10234
9.13621
8.74948
8.899
9.30509
8.68422
8.93839
9.551
9.31209
9.1493
9.2166
9.2427
9.03377
9.08764
8.84137
9.04248
9.34436
9.16285
9.04741
9.02187
9.15658
9.33949
9.09752
9.21106
8.91496
9.34937
9.14943
9.15008
8.93999
9.23567
8.93647
9.20754
9.05062
9.04138
9.05468
8.84208
9.00954
9.13898
8.6338
9.01939
9.22265
9.26131
8.92314
9.55728
9.26722
8.91056
9.10397
9.22525
8.76013
9.4863
9.65636
9.3186
9.28704
8.42455
9.23945
9.14449
9.12674
9.10249
9.0018
9.0635
8.93804
8.97545
8.87346
9.00654
8.77994
8.87257
8.68107
8.95165
9.03781
8.94212
9.04239
9.33415
9.40468
9.01343
8.71652
9.08404
8.64478
9.05476
8.98022
9.05492
9.19278
9.14788
9.0062
9.11909
9.09436
8.9622
9.0234
8.97359
8.88307
8.90665
8.70306
9.12535
9.27755
9.01101
8.94885
9.11435
8.90643
9.0773
9.05242
8.82605
8.77773
8.82023
9.08603
8.84429
8.89561
9.16892
9.03673
9.02893
8.91453
9.06575
8.68757
8.63929
9.11374
8.73685
8.99354
9.20086
9.24196
9.40713
8.96992
8.65934
9.0837
9.47989
8.93319
9.19257
8.50376
8.96599
8.88393
8.99541
8.80294
9.11266
8.8272
8.98401
9.25879
9.4543
9.12143
9.02593
8.79341
8.85321
8.91026
8.97893
8.82611
9.01064
9.07823
9.03035
8.73252
9.02221
8.65327
9.0357
9.15695
8.96503
8.69249
9.07391
8.70655
9.09866
9.50791
8.92222
9.22252
8.92239
9.01917
8.69635
8.6729
8.98545
8.52402
9.08042
9.05954
8.81
9.07923
8.90951
8.93581
9.04706
8.90162
8.97281
9.04974
9.07638
8.53862
9.17233
9.25603
8.96003
9.21647
9.20402
9.12918
9.03447
9.58861
9.40583
8.92518
8.72731
9.12758
9.44665
9.53444
8.75173
9.39647
9.31805
9.21638
9.6403
9.24086
9.28539
9.23913
9.07078
9.58473
9.05435
9.39566
9.14479
9.46839
9.57063
9.10317
9.52036
8.97405
8.79693
9.33794
9.04133
8.9935
9.23748
9.11743
9.60596
9.15968
9.30546
9.37836
9.52552
9.64978
9.43311
9.31086
9.21978
9.45214
8.95643
9.22731
9.29409
9.27479
9.55925
9.11114
9.54098
9.33147
9.13181
9.30183
8.85286
8.96039
9.39234
9.33148
9.58298
9.36307
9.13695
9.1964
8.82071
8.99474
8.77976
9.42104
8.95509
8.74968
9.18911
9.4796
9.17794
8.95186
9.13286
8.70726
8.96206
9.44962
8.9252
9.29786
9.06725
9.21078
9.17966
9.3878
8.6527
8.7903
9.47245
9.68978
9.03064
9.39434
9.03218
9.33403
9.14341
9.20442
9.41695
9.24854
9.05971
8.68709
9.26609
9.16604
9.24962
8.84313
9.44902
9.13781
9.0934
9.19363
8.57872
8.82353
9.1178
8.90043
9.19254
9.28609
9.1428
8.93385
9.18246
8.91682
8.79963
8.81711
9.14642
9.1092
9.37947
9.13785
9.06354
9.02936
9.11676
9.12681
8.95818
9.00089
8.93272
9.08778
8.81578
9.08575
9.05762
8.9975
9.19677
9.14445
9.83973
9.53579
9.36706
8.80654
9.81169
8.89074
9.37179
8.92465
8.83957
9.79718
9.29058
8.82787
9.63858
8.90006
8.81927
9.24647
9.00028
9.44465
9.20941
9.29444
9.06113
9.35499
9.35973
9.46173
9.19845
9.23362
8.74318
9.54222
9.11351
8.82219
8.83338
9.47918
8.73609
8.92737
9.40673
9.34387
8.90122
8.90968
9.0375
9.14063
9.03774
8.7239
9.27535
9.39192
9.04716
8.92207
8.90778
8.85626
8.99121
8.418
8.92303
8.65631
8.91404
8.66286
8.84768
9.03288
9.01072
9.04987
9.03136
8.90055
9.21055
8.62661
8.98632
9.11541
8.81159
9.02403
9.34052
8.98301
8.83361
8.95103
9.12395
9.03775
9.24198
9.00056
8.90077
9.17711
9.12483
8.79541
9.1133
9.46268
9.03612
8.73729
9.12189
9.10711
8.56078
8.88989
8.77052
8.89639
9.20281
8.97584
8.82165
8.8527
9.0382
9.23987
9.04258
9.1179
9.553
8.64993
8.84822
8.54754
9.13132
8.8861
9.06784
9.07108
8.85789
8.99657
9.14032
9.33843
8.80809
9.00716
9.0762
9.40392
9.09047
9.06804
9.09072
9.24804
9.23873
9.30238
8.69548
9.26152
8.95022
9.25431
8.59829
9.14568
9.71375
9.22786
9.10015
9.26769
8.80306
9.22981
8.97619
9.28352
9.27179
9.03794
9.40515
8.82027
9.0959
9.04201
9.44404
8.82385
9.25344
8.8333
9.26955
9.22923
8.65813
8.89834
9.34939
8.70658
9.18034
9.15482
9.30284
9.25963
9.30109
9.1822
8.97563
9.11467
9.02035
9.01554
9.2796
8.60511
9.19097
9.25939
8.81129
8.93254
8.71463
9.58899
8.52933
9.4341
8.99205
9.10946
9.49874
9.72493
9.36921
9.39644
8.81694
9.41131
9.13605
9.42898
8.80648
9.02685
9.37222
9.03951
9.03834
9.11666
9.37817
9.48073
8.68406
9.09012
9.15894
8.99781
9.03298
9.22317
9.04819
8.84984
9.14604
8.90366
9.14082
8.70625
9.20204
9.18143
9.1615
9.55103
9.44259
9.66131
9.19106
9.1995
9.18127
9.08866
9.16226
9.17644
9.24065
9.12608
9.09549
9.09832
9.21303
8.96759
9.08027
9.06177
9.10032
9.2733
9.41219
9.07151
8.99446
8.93707
9.01365
9.26119
9.27193
9.33117
9.42441
9.22131
9.1399
8.84692
8.77216
8.61703
8.94605
9.14952
9.2316
9.06411
9.167
9.24022
9.13748
9.14235
9.34616
9.22709
9.12058
8.86617
9.09862
9.21871
9.29428
9.07695
9.29799
9.17323
9.05954
9.22406
9.1781
8.75263
8.76708
8.95011
9.06524
9.17498
9.472
9.09866
9.01858
9.17672
9.22014
8.78436
9.06554
9.21065
9.13292
9.40447
8.91574
8.86991
9.31578
9.0865
9.1269
8.87706
9.2665
9.40843
9.12528
9.26229
9.75084
9.38095
9.59944
8.87637
9.18588
9.10681
9.33307
9.01674
9.07592
9.47844
9.08887
8.66912
9.58155
9.06789
8.5865
8.82694
9.29514
9.18077
8.98111
9.28175
8.79379
9.32727
9.04108
9.63239
8.98862
9.93206
9.01212
9.18388
8.89616
8.8383
8.65973
9.47069
9.14627
9.17448
9.09893
9.12286
9.17418
9.03248
9.35015
9.2134
9.08398
9.18828
8.97807
9.05362
9.17114
8.41417
8.63717
8.99194
9.12764
9.11644
9.01427
8.85572
8.83217
9.18788
9.02776
9.25655
8.64708
9.29626
8.42328
8.91885
9.00476
8.76849
9.22833
8.63277
9.00007
8.89762
8.94812
9.28241
9.08198
9.15298
8.81412
8.93022
8.73343
8.66536
9.21737
8.44544
9.15506
8.84145
9.06853
8.71324
8.9166
8.92535
8.73779
8.66912
9.08053
9.06664
8.83121
9.11347
9.26947
9.1005
9.00969
8.70046
9.42706
9.09615
8.68796
9.31795
8.90039
8.788
8.96824
8.9703
8.87963
9.11578
9.04027
8.97178
8.71996
9.06575
9.2947
9.24525
9.27702
8.83579
9.03164
9.25561
9.29538
9.19248
9.10899
9.09534
9.17645
9.03219
8.64694
9.36102
9.00401
9.13708
9.12087
8.99127
8.98685
8.51675
9.20122
9.32455
9.05443
9.07257
9.18288
9.11026
8.96088
8.63107
8.84204
8.73561
9.30981
8.88341
9.08547
9.11665
8.90499
9.00866
9.28221
9.37816
8.73606
8.78648
9.14526
9.05423
8.70033
8.77615
9.15369
8.42633
9.33345
9.10271
8.9452
9.20821
9.14493
8.99147
9.50045
9.14249
9.30777
9.06135
9.17986
8.88608
9.39039
9.34406
9.15909
9.06027
9.12795
9.00747
9.19786
9.06918
9.23548
9.45773
8.95881
9.10613
9.20669
9.46886
9.11121
9.5789
9.3225
9.22507
8.92192
9.0425
8.9309
8.77636
9.11089
9.32727
8.84172
9.07516
9.06003
9.20273
8.94064
9.16599
9.15246
9.24885
8.79692
9.06763
9.24814
9.01958
9.07507
9.12498
8.88958
9.35083
9.41165
9.04535
9.56311
9.34868
9.25078
9.44225
9.59842
8.91287
9.28378
9.39535
9.1119
9.25072
8.90932
8.96098
9.38609
9.43199
9.14954
9.04104
9.34318
9.05905
9.02737
9.35691
9.06406
9.41726
9.20502
9.67581
9.32243
9.20201
8.90693
9.42126
9.14185
9.05502
9.02883
9.04977
9.10573
9.38272
9.31853
9.17373
9.14396
8.78993
9.089
9.48588
8.77891
9.21342
9.16161
9.02608
8.95848
9.23831
8.67795
8.94804
9.30005
9.16552
9.05904
8.92064
8.76153
9.07678
8.86904
9.03168
8.81515
8.82881
9.05517
8.90629
8.78622
9.09381
8.78295
9.44595
9.11382
8.93737
9.05309
9.04836
8.84395
9.30173
9.22043
8.72385
8.76068
8.88274
9.09805
8.99023
8.81586
8.69959
8.71953
8.78994
8.93191
8.8559
8.67223
8.75932
8.88174
9.002
8.82923
9.13346
9.18631
8.60326
8.78339
8.93621
9.27506
8.98657
8.8377
9.40088
9.26813
9.36445
9.17845
9.31327
9.26367
9.15156
9.13447
9.32608
8.75937
9.12805
9.24461
9.202
9.08585
9.31004
8.93045
8.84364
9.05783
8.85752
9.10702
8.88847
8.8171
9.0531
9.46595
9.45027
9.17476
9.36518
9.17165
8.92842
9.21652
9.13784
8.9048
8.82993
9.14013
9.32103
9.37975
9.17496
9.25474
9.14693
9.12973
8.9756
9.13758
8.77503
9.14775
9.14832
9.09173
8.76853
9.15477
9.43034
9.09621
9.53337
9.47447
9.19348
9.14117
8.66186
8.81143
8.79569
8.95646
8.93601
8.92002
8.95568
9.58597
8.48435
9.42999
9.28592
8.92309
9.03123
9.04391
8.85975
9.27791
9.33781
9.60358
9.16092
9.195
9.03379
8.95276
8.95607
9.00767
8.90137
8.97775
8.82759
9.17046
9.32926
9.43642
9.40693
8.84604
9.09629
8.42344
9.11306
8.83351
9.23539
8.84969
9.44036
9.06511
8.88329
9.43484
8.97942
9.62061
9.05724
9.42173
9.24208
9.23847
8.84684
9.11947
9.24944
9.27777
8.80645
9.07659
9.17787
9.35483
8.87206
9.15213
9.11109
9.48759
9.18718
9.25269
9.19841
9.04252
9.42112
9.0346
9.20648
8.93862
9.13213
9.19147
9.02763
8.97754
8.8947
9.15483
8.97142
9.33411
9.0534
9.04825
9.37311
9.2174
9.17495
9.09778
8.78821
9.57482
9.36787
8.83048
9.24744
9.27249
9.22467
9.46726
9.26843
9.33888
9.47514
8.9053
9.49926
9.4186
9.30146
9.29758
9.27664
9.10905
9.48583
9.27931
9.27656
9.13434
9.18407
9.25314
9.00693
9.21261
9.3788
9.6119
9.20023
9.33302
9.13978
9.72842
9.71243
9.06019
9.04807
9.43112
8.66601
9.31428
9.07297
9.55898
8.90743
9.26036
9.69191
9.04622
8.88802
8.95315
9.02622
9.45662
9.17474
9.58975
9.70625
9.2529
9.34437
9.23832
9.53942
9.29937
9.24165
9.74509
9.13999
9.17919
9.53393
9.34332
9.84643
9.46587
9.3945
9.45782
9.16595
9.31612
9.45165
9.39007
9.48813
9.32596
9.64579
9.24097
9.42725
9.11793
9.30208
9.14227
9.13329
8.95481
9.33111
9.48618
9.50946
9.27988
9.46113
8.98565
9.21762
9.48134
9.12573
9.76388
9.40582
9.44585
9.34975
9.22387
9.05576
8.89155
9.15506
9.15779
8.95454
9.15384
8.93493
9.14818
8.73184
8.93141
9.16926
9.24478
9.11628
9.13162
9.58495
9.47056
9.22246
9.00278
9.76639
8.85141
9.29472
8.65687
9.4181
8.52913
8.77729
8.75964
9.08226
9.4375
8.83035
8.77476
9.38975
9.09913
9.73646
9.2799
9.3645
8.97077
8.45379
9.13911
9.01736
9.35838
9.11856
9.38583
9.18299
9.07434
9.21845
9.38328
9.05889
9.34163
9.21108
8.90084
9.3289
9.2282
8.92331
9.39179
9.4361
9.23279
9.24973
9.09503
9.17586
9.15329
8.81244
9.1202
9.27208
9.1223
9.14673
9.08258
9.60934
9.05715
8.89268
8.93364
9.00869
9.10984
8.91291
9.13023
9.3214
9.32362
9.12555
9.41711
8.78232
8.97531
8.83271
8.82298
9.52363
9.34755
9.37861
8.9407
9.22254
8.88042
8.66864
9.20319
8.87936
8.89494
9.10942
8.68804
9.08706
8.92341
9.45467
8.82766
9.35695
9.07348
9.30175
9.01527
8.94418
8.92008
8.80084
9.23914
8.81282
9.20565
9.00598
8.98242
8.88933
8.92493
8.92205
9.00563
8.77828
9.06581
9.33513
8.88632
8.81163
8.82738
9.03444
9.18326
8.79802
8.71971
8.71126
9.36467
9.36309
9.22297
9.23809
9.03768
9.31642
9.13591
9.38837
8.95587
8.97597
9.33529
9.23135
9.00524
8.86812
8.99683
9.35957
9.42681
8.72873
9.43205
9.40641
9.36423
8.7956
8.98124
9.06457
8.91708
9.00154
9.09648
9.17138
9.20476
9.20916
9.2563
9.49911
9.29202
9.13033
8.95462
9.15703
8.80383
8.99957
9.43327
9.29862
8.93664
9.23842
8.69061
9.27447
9.05956
8.87262
9.09144
8.97889
9.03226
8.71279
9.11948
8.85149
9.26039
8.70893
8.85738
9.28637
9.19312
8.99979
8.97329
8.93322
8.91908
9.30385
9.09951
8.70466
8.81259
8.93654
8.86223
8.86195
9.05552
9.16884
8.90868
9.10496
9.22447
8.55769
9.16744
9.18624
9.30379
9.36563
9.04404
9.14541
9.1012
9.70888
9.00455
8.93667
9.01063
9.28595
9.50038
9.27947
9.45696
9.3669
9.63143
9.02626
9.43336
9.59378
9.34109
8.94587
9.31284
9.05365
9.14795
9.46513
9.27025
9.15477
9.26397
8.90795
9.09537
9.31528
9.12499
9.24132
9.09664
8.84859
8.94258
9.06078
9.16253
9.61341
9.40903
9.65465
9.58499
8.89217
8.76864
8.94795
8.6965
9.09807
8.80064
8.99345
9.10424
8.92854
8.99486
8.94586
8.83074
8.724
8.98724
9.16265
9.06053
8.67718
8.90354
8.8478
8.64393
9.2019
8.98621
8.71196
9.34475
8.89978
9.10511
9.05515
9.06077
8.69687
8.78751
8.89393
8.93044
8.88427
9.13716
8.8459
9.24482
9.10294
9.08683
8.95289
8.81509
9.33914
8.89125
9.02788
8.93805
9.24553
9.12823
9.12887
9.42551
9.20052
9.41993
9.0839
9.24898
8.96306
9.01121
9.06853
9.15512
8.71249
8.6286
8.6955
9.17259
9.33735
8.92192
8.84309
8.70022
9.03707
9.07246
9.11909
9.11576
9.09896
8.94089
9.08803
9.32745
9.43467
9.12257
9.18928
9.14896
9.31742
9.176
9.58665
9.28442
9.35174
9.53665
9.00995
9.33926
9.45403
9.45086
9.54205
9.16705
9.17783
9.31588
8.84146
9.19322
8.61429
9.30446
9.15514
9.20413
9.32109
9.16429
9.38964
8.95643
9.05053
9.239
9.04631
9.50387
8.64772
9.00586
9.44302
9.41796
9.04517
9.38692
8.85141
9.11929
9.26001
8.91384
9.18308
9.47833
8.9541
9.00431
9.31366
9.05936
9.23684
8.71962
9.17001
9.27556
9.23657
9.08037
8.93977
9.25204
9.0077
8.93027
9.15304
9.18903
9.13049
9.31865
8.94806
9.31653
9.23524
9.28622
9.33888
9.26836
9.32499
9.25104
9.33036
8.72679
8.59901
8.90989
9.24167
9.03086
9.15813
8.29583
9.18771
9.44162
8.92948
8.85644
9.23448
9.48385
8.64158
8.75858
8.81692
8.80779
8.97495
9.07509
9.18061
9.01459
8.98133
9.1733
9.06143
9.07605
8.8224
9.19147
8.99034
8.98475
9.12275
9.29099
8.95244
9.19361
9.32816
9.30092
8.86135
9.31659
9.07821
9.37617
9.18479
9.19078
8.94926
9.16677
8.63167
8.84551
9.3209
9.00656
9.32453
8.97716
9.0128
8.89958
8.80184
9.37656
9.06185
9.84403
9.02176
8.59652
9.43481
9.39073
9.29944
9.59798
9.21661
9.42054
9.64696
9.17478
8.87101
9.09681
9.26025
8.85556
8.76884
9.12102
9.0098
8.97579
9.1684
9.30759
8.95771
8.82973
9.03734
8.94046
8.67735
9.05295
8.65599
8.8352
9.01075
9.1169
9.26209
9.05431
9.21411
8.53775
8.75759
8.9353
8.7039
8.91818
9.71124
9.05832
9.00826
9.39557
9.39395
9.08214
9.57907
9.00756
9.47052
9.10849
9.3693
9.2935
9.65989
9.06717
9.64766
9.02493
8.83597
8.93773
9.43163
9.22264
9.37358
8.99694
8.91197
9.10949
8.72377
9.44581
9.04443
9.5246
9.05368
9.4804
9.72703
9.69417
8.7127
9.12535
9.2176
8.86366
8.82221
9.30206
9.28256
9.20803
8.76311
8.81745
8.86529
9.10944
9.02587
9.05037
9.27988
8.8495
9.2716
9.27445
8.9453
9.34013
9.18706
9.24112
9.26762
8.75144
9.00851
8.96239
9.34755
8.83186
9.24737
9.17481
9.39122
9.30313
9.20068
9.58161
9.21021
9.17015
8.9562
8.98665
9.02209
9.31381
9.17188
9.19437
8.96324
9.16417
8.91682
9.1897
8.97305
9.13288
8.6399
9.01914
9.3882
9.35074
8.68485
9.30077
9.06442
9.25688
9.39104
9.52793
9.00985
9.11492
9.0642
8.92808
9.55471
9.4949
9.4825
9.24
9.30463
9.6711
8.89879
9.14224
9.33968
9.30166
8.92452
9.04022
9.30143
9.25772
9.34464
9.18344
9.09885
9.15999
8.86466
9.19264
9.46924
9.36014
9.06708
9.23722
9.49848
9.16691
9.30087
9.22743
9.29043
9.14843
9.05656
9.59526
8.87687
8.96825
9.21508
9.43072
9.50356
9.45683
9.09333
9.42417
9.11024
9.38755
9.37206
9.10134
9.17455
9.4023
9.65717
9.27497
9.06785
9.15633
9.08069
8.9272
8.76171
9.42228
9.10145
9.3102
8.65746
8.59169
9.44004
8.56827
8.99952
8.73281
9.24812
9.32935
8.91949
9.48704
8.72024
8.67861
8.90085
9.21523
8.99685
9.59349
9.00302
9.23539
9.14227
9.33196
9.17106
8.75959
9.09777
9.01411
8.90576
8.69969
8.68524
9.30991
9.3651
9.13901
8.98224
9.08167
9.14602
9.23002
9.09069
8.88566
9.08595
9.26313
9.3487
9.38882
8.92529
9.16504
9.41141
9.48891
9.34488
9.47828
9.6971
9.67355
9.21961
9.23011
9.09241
9.28772
9.07906
9.32888
9.61831
9.3436
9.11493
8.86816
9.42162
9.19871
9.10062
9.31442
9.12366
9.39329
8.88867
9.09735
9.45634
9.30459
9.3936
8.9175
9.00608
9.20806
9.03564
9.28335
9.38613
8.57902
9.21679
9.38752
9.05084
8.75465
9.2181
9.22219
8.94026
8.90478
9.23616
9.18729
9.28579
9.24776
9.34766
9.15561
8.92611
8.82465
9.15317
9.24445
9.11436
9.0065
9.31501
9.31563
9.44054
9.05734
9.61758
9.17042
9.06941
9.43246
9.6149
9.23881
9.50717
9.38468
8.78492
9.34297
9.11551
8.68852
9.13599
8.67148
8.88145
9.18104
9.11558
9.28865
9.14698
8.84087
9.33378
8.75194
9.32113
9.13163
9.01888
8.98244
9.30001
9.07916
8.88711
8.98982
9.13667
9.16736
9.10104
9.05125
8.92969
9.45053
9.49789
9.12372
8.95742
9.07447
9.21272
9.11448
9.40514
9.21178
9.54847
9.16981
8.8552
9.02016
8.71689
8.65501
9.05679
8.85447
8.64236
9.41575
8.85614
8.96714
9.19479
9.0655
8.64842
8.6747
8.97657
8.92605
8.97558
9.20827
8.71537
8.7547
9.2337
9.16572
8.81391
9.41386
9.44996
9.27919
9.308
9.22147
9.1733
9.46672
8.93022
8.74107
9.19446
9.04296
8.95104
8.92083
8.96807
8.81753
9.02759
9.27193
8.87677
9.21265
9.03552
9.19319
8.99153
9.26483
9.30622
8.84454
9.07912
9.17649
9.07052
8.97724
9.1577
8.91665
9.01029
9.11059
9.01282
8.77746
8.81668
9.14159
8.49506
8.71882
8.942
9.03269
8.92448
8.76116
9.15719
9.10679
9.09606
9.35017
9.28722
8.93524
8.86252
9.4043
8.98625
8.79367
9.0454
9.08157
8.96388
9.02584
8.70722
9.24796
9.01431
9.23729
9.05495
9.15288
9.3199
8.73959
9.05087
9.15444
9.15177
9.79921
9.32548
8.76754
9.15932
9.21723
8.95613
9.07907
9.17359
8.74522
8.83203
8.70862
9.14092
9.22243
9.32014
9.32193
9.28679
9.43995
8.98386
9.42491
9.33222
9.04303
9.2319
9.40381
9.53546
9.20692
9.38901
8.89897
9.29611
9.57428
9.07268
9.18577
8.95778
9.3055
9.25875
9.38411
8.90616
9.12995
9.32986
9.23088
9.24463
9.39855
9.24781
9.48086
8.9677
9.05693
9.07649
8.61985
8.93267
9.04324
8.95176
9.22828
8.78139
9.13496
9.09666
9.2198
9.12864
8.7374
9.36717
9.39549
9.16421
9.28203
8.96902
8.94731
9.20899
9.03544
8.91498
8.63499
8.64241
9.36266
8.81663
9.35545
8.97745
8.89071
9.30777
9.22612
9.01713
8.72788
9.46749
8.66121
8.7441
