3.97426
4.18478
3.86685
4.22811
4.16216
4.19478
3.85372
3.94237
4.27988
4.44774
4.2762
3.93106
4.07272
3.92442
4.10736
4.42512
4.05955
3.92672
4.00362
4.46003
4.50507
4.00795
3.99556
4.39572
4.36057
3.90773
4.35875
4.1736
4.17836
3.75857
4.62971
4.30532
4.06734
4.17062
3.73293
4.63922
3.91091
4.41871
4.535
4.13877
3.80011
4.48472
4.21226
4.04063
4.36189
3.85584
3.95934
4.0987
4.43278
4.07825
4.11145
4.3808
3.80338
4.2265
4.3947
4.15817
3.88512
4.24611
4.06013
4.45873
4.51555
3.86072
4.44825
4.34723
3.86628
4.15463
3.92126
3.88724
4.12061
4.2938
4.00296
3.88578
4.0779
4.25291
3.9825
4.30139
4.47968
4.18585
4.12748
4.19936
4.24279
3.6973
4.17291
3.88972
4.24498
4.33405
3.96231
4.19762
4.31467
4.2956
4.17848
4.36351
4.44005
4.37874
3.8902
4.16303
4.0346
3.93577
4.40622
4.10806
4.20871
4.18817
3.67583
4.1649
4.40375
4.29129
4.3188
4.28322
4.01165
4.02754
4.30898
4.35267
4.61371
4.47195
3.86102
3.8295
3.99112
3.97546
4.19619
4.16816
4.39085
4.40788
4.08858
4.21528
4.39039
4.18748
4.1411
4.1448
4.00015
4.17308
4.23976
4.21566
4.01821
4.18909
3.74487
4.25922
3.9495
4.22476
3.70384
4.28435
3.84688
4.30922
4.17509
3.97416
3.82736
4.15232
4.4647
4.13451
4.10187
4.31709
3.76357
4.08131
4.29327
4.50585
4.23503
4.22823
4.31217
4.1481
4.49972
4.08874
4.58922
4.43552
4.02374
4.58562
4.20081
4.03219
3.94141
3.929
3.79686
4.58281
4.13944
4.22572
4.118
4.27009
4.32352
3.74269
4.30262
4.1951
4.71698
4.00356
4.54549
4.23466
3.9215
4.35096
3.92667
4.20453
3.73382
4.35194
3.94209
4.05119
4.42263
4.34283
3.7838
4.29995
3.97705
4.3622
4.53521
3.90511
3.95242
3.87147
4.15343
4.0943
3.57048
4.16772
3.70947
4.02868
4.22601
4.27251
4.23379
3.8872
4.36562
3.7537
4.13965
3.92796
4.17505
4.03123
3.80522
4.3894
4.08438
4.32981
4.0185
4.42699
3.81645
3.75643
3.9256
3.76785
3.75759
4.12964
3.99371
3.86155
3.6973
4.07136
4.05696
4.00633
3.65577
3.90383
4.30393
3.84147
4.00147
4.03211
4.20418
3.64989
3.79654
3.6323
4.11632
3.92601
3.87018
3.94871
3.46248
4.13553
4.06821
3.77321
4.01299
4.07189
4.2736
4.35191
4.23077
4.15315
3.63677
3.97623
3.99502
3.8001
3.96373
4.09146
4.06802
3.84643
3.80122
3.86394
3.84058
3.96234
4.13721
4.11907
3.68452
4.08891
3.83745
4.406
3.98708
4.15908
3.92579
3.72125
4.18313
4.12849
3.86907
4.07584
3.89553
3.82902
3.69598
3.93237
4.11044
3.91827
3.56039
3.97112
4.22271
4.44788
3.40665
3.7589
3.58359
4.07009
4.10542
4.28646
4.2698
4.00777
4.07188
3.94117
4.15244
4.10516
4.06675
4.03527
4.2672
3.96181
4.1536
4.10943
4.25456
4.10612
4.53675
4.44689
4.10009
4.26889
3.92474
3.91989
3.93938
3.82885
4.25742
4.17941
4.04553
4.11779
4.04465
4.0405
4.10304
4.22765
4.08203
3.86306
4.17319
4.34029
4.11445
3.83959
3.81358
4.10586
3.96437
3.86674
4.14173
4.5237
4.28677
3.8905
3.95607
4.42636
4.25307
4.04575
4.27335
4.15638
3.78783
3.9179
4.00361
4.38593
4.15315
3.99035
4.13324
3.9555
4.07724
4.2534
4.02392
3.93742
4.13999
3.75742
3.98518
3.82857
4.29736
4.6353
4.3145
4.00226
4.40684
4.39914
3.8862
3.68181
4.52207
3.84883
4.55312
3.87613
4.37166
3.79542
4.40528
4.24225
3.79083
4.28614
4.36602
4.21673
4.04074
4.08315
3.82731
4.509
3.81502
3.54387
4.10511
4.1189
3.70285
3.83386
4.1617
4.08644
4.26301
3.93257
4.12959
4.04168
3.83645
4.33443
3.68184
3.90999
3.57771
4.09328
3.88301
4.18135
4.00295
3.97297
3.82247
4.24112
4.10086
4.15204
3.61095
4.02428
4.0277
4.04777
4.23691
3.79743
3.87065
3.98527
4.00333
4.26601
3.71061
4.11729
4.24325
3.71501
3.97647
3.70777
3.84304
3.71424
3.94615
3.92813
4.23178
4.05059
3.8265
3.79947
4.03664
4.44457
3.6604
3.80564
4.0166
4.02651
3.9734
3.50517
4.26639
3.6982
4.06495
4.43053
3.74702
4.06958
4.13799
4.07795
3.72248
4.35687
3.80905
3.76207
3.95059
3.80303
4.13568
3.70078
3.76881
4.1879
4.46456
4.20815
4.30433
4.3331
3.23298
4.4059
3.66231
3.70394
3.86177
4.14557
4.11147
3.62977
3.78481
3.77975
3.75363
4.00412
4.35428
3.90119
3.97642
4.02783
4.28515
4.45502
4.4092
4.15582
4.16964
3.97941
4.39268
4.02002
4.24182
4.20751
4.04751
4.27609
3.95359
4.11755
4.22156
3.84337
4.24625
4.32251
4.14648
4.13789
4.39469
3.87084
3.781
4.30204
3.66198
4.09107
3.76613
3.97918
3.93038
4.08154
3.97961
4.13241
4.10032
3.77862
3.51974
4.23561
4.12122
4.24049
3.74268
3.85381
4.13648
3.88459
4.14279
4.63463
4.56801
4.04881
3.59786
3.79067
4.36547
4.04264
4.12403
4.2114
4.02743
4.33599
4.41141
3.99518
4.49647
3.86383
3.83504
4.41841
3.62805
3.7056
3.84103
4.12508
3.74804
4.35017
4.22575
3.79579
3.88719
4.16662
4.30248
4.0923
4.26059
4.11745
4.13384
4.02464
4.27453
4.69793
3.95195
4.0114
4.15529
4.13754
3.96242
4.05618
4.04475
4.04836
3.83128
4.57802
4.07103
4.01496
4.31878
4.44178
4.60425
4.34731
4.08768
4.20181
4.23662
3.90179
4.25239
3.8794
3.64999
4.00656
4.30463
4.15737
4.19804
3.71076
3.82963
4.33801
4.09363
4.19894
4.39514
4.11772
3.95706
3.84827
4.06137
4.07879
4.05402
4.02748
4.28195
4.25893
3.91615
3.75485
4.00558
4.06088
4.26002
4.17337
3.90047
3.63845
4.49043
4.01789
3.85338
3.74351
3.76825
3.82367
3.5996
3.82095
4.38574
4.19791
3.80101
3.76493
3.85962
4.05476
4.39302
4.04564
4.15559
3.89357
3.66404
3.8269
3.69296
4.06635
4.15149
4.2766
4.30918
3.79785
3.85897
4.03817
3.87713
4.10742
4.15351
3.75676
3.84083
3.98398
4.25604
4.14168
4.01358
4.064
3.85334
4.03308
3.72835
4.27844
4.43439
3.95642
3.99453
4.07229
4.10607
4.28855
4.12664
4.14845
4.17806
4.42407
4.49217
3.89732
4.26798
4.09761
3.81509
4.69429
3.70004
4.3255
4.23868
3.97747
4.2765
4.48455
3.69969
4.44416
3.91828
4.22415
4.31643
4.15816
4.19767
4.51856
3.63403
4.06977
4.27278
4.91493
3.96907
4.05168
3.85015
4.24834
4.14669
4.34354
4.21409
3.98165
3.93253
3.88953
4.36122
4.73008
3.77481
3.96809
4.27332
3.7326
4.43539
4.43708
4.06474
4.23566
4.01587
3.97032
4.25732
4.29639
4.51078
4.18894
4.22803
4.04972
3.65589
4.92175
4.40666
3.71192
3.93332
3.95998
4.09028
4.19397
4.39313
4.77209
4.01144
3.91544
3.94179
3.74447
3.94327
4.06908
4.35583
3.80504
3.85672
4.1611
4.18676
3.96305
4.18753
4.28314
4.00391
4.08201
4.23641
4.61468
3.74723
4.33331
4.22448
4.14675
3.73368
3.86131
3.98109
4.20269
4.64313
4.46399
4.61256
4.33886
4.31734
3.92855
4.04062
3.95551
3.39759
4.45748
4.28823
4.58165
3.91909
4.48004
4.15038
3.54856
4.09482
3.95328
3.74027
4.18576
4.2342
3.90915
4.48005
4.44172
3.96079
4.30024
4.4602
4.26544
4.22917
4.24587
4.18772
3.86675
4.07279
4.21784
4.2481
4.7576
3.40049
3.81196
4.03524
4.53023
4.18179
3.87415
3.89768
4.28257
4.09708
3.92397
4.11129
3.92727
4.22164
4.16843
4.37867
4.30604
4.28379
4.20413
4.1149
3.71064
4.18084
4.09104
3.8355
3.76424
4.30641
4.02416
4.00348
4.16327
4.00123
4.29258
4.04042
3.89663
3.88393
4.07504
4.0303
3.66887
4.15656
3.84474
3.7211
4.05391
4.28509
4.23562
4.12074
4.17715
3.99238
4.07542
4.44032
3.98006
4.22293
4.4169
3.84548
3.97271
4.28426
4.06684
4.27406
4.50559
3.95175
4.18197
4.27994
4.06012
4.04244
4.00543
3.86608
3.72467
4.36683
4.05131
3.94965
4.04659
4.46167
4.03337
4.35114
4.24849
3.93322
3.93197
3.7405
4.22989
3.5644
3.92149
4.1368
4.1559
4.35966
4.18804
4.15959
3.93135
4.13648
4.24377
4.08995
4.15252
4.06998
4.29281
4.11694
3.94995
4.20077
4.00069
3.86998
4.24122
4.39745
4.20188
4.08242
3.90584
4.24526
4.2982
3.97336
3.84722
3.98725
3.76202
4.03924
4.45935
4.09631
4.29851
4.20272
4.0851
3.90005
3.9115
4.41472
4.13604
4.16751
3.87661
4.19345
4.2563
4.1833
4.11179
3.58292
4.2332
4.2312
4.19365
3.70919
3.93836
4.21418
3.81138
3.92833
4.20935
4.26601
4.17075
4.15255
4.40351
4.45185
4.14675
4.26876
4.2348
4.37087
4.30845
4.26813
3.59543
4.09536
4.24399
4.0112
3.94678
3.9812
4.20747
3.77936
4.05384
4.0936
4.46944
3.81526
4.0546
4.05651
4.37743
4.34695
4.16043
4.21833
4.31289
4.22625
4.30779
4.38673
3.72017
4.17216
4.99729
4.56612
4.22432
4.11564
4.33395
4.12819
4.3334
4.32818
3.79664
4.44117
4.17646
4.12472
4.30125
4.11035
4.2781
3.943
4.22855
4.36051
4.23033
4.52934
4.20363
4.30068
4.3685
4.32481
3.92329
3.97589
4.1484
4.09301
4.31935
4.40277
4.27362
4.1973
4.34613
4.36511
4.2052
4.35522
3.87643
4.53066
4.44401
4.47141
4.68794
3.90995
4.38133
4.2085
3.5942
3.99829
4.21803
4.20052
4.05543
4.19125
3.93939
3.86961
4.19258
4.14195
4.52601
4.11383
3.90906
4.57851
4.47415
4.35989
4.68681
4.31584
3.89363
4.21591
4.08274
3.96244
4.39961
4.03868
4.02058
4.24103
3.94212
4.26319
4.09035
4.16493
4.25349
4.34961
4.65355
4.10774
4.14944
3.91309
4.43261
4.29073
4.09234
4.39783
3.77716
4.00371
3.52956
4.30563
4.60441
4.3116
4.46984
4.14406
4.06093
3.73967
4.09417
4.10496
3.82211
4.31164
3.92792
4.17701
3.6511
4.01838
3.95734
4.14698
3.92161
4.27821
4.0631
4.06051
3.92132
3.79383
3.66391
3.92516
3.7934
4.20049
3.92017
3.77823
4.07176
4.16138
4.06746
4.08203
4.15491
4.46706
3.99985
3.97488
4.09564
4.02799
4.31436
4.25405
4.41524
4.10525
3.87372
4.07382
3.66073
3.82271
4.01304
3.6817
4.00672
3.96556
4.01345
3.62531
3.89421
4.55784
4.33826
4.19006
3.77441
4.00346
4.56782
3.95298
4.37122
4.43098
4.1358
4.1946
4.30432
3.72334
3.8717
4.14505
4.1098
3.89886
3.98415
4.31261
3.7832
4.24386
4.05418
4.21481
4.48568
4.17885
3.9551
4.37291
4.24644
3.93666
4.23781
4.01068
3.9997
3.7833
3.98077
4.25901
4.63697
3.98785
4.01828
4.24324
3.93338
4.1652
4.40957
3.93402
4.21398
4.60495
4.37086
4.20717
4.31158
3.84458
4.52975
4.16037
4.3666
4.03714
4.40675
4.0283
4.04429
4.12851
3.95218
4.29902
4.31196
4.31707
4.26845
4.18908
4.72251
3.82293
4.05597
4.3223
4.40017
4.20986
3.82867
4.43446
4.36725
4.39685
4.64089
4.28728
4.40003
4.13833
4.2083
3.92409
4.01739
4.17371
4.47335
4.0717
4.33325
4.30027
3.72108
3.82063
4.38928
4.34946
4.10387
4.10384
4.5271
5.08308
4.17569
4.24496
3.96679
4.31638
4.55058
4.07515
4.13048
4.40675
4.21749
4.36207
4.12509
4.25083
4.35925
4.04778
4.09229
4.50918
4.01316
4.67476
4.20035
4.33504
4.49996
4.13844
4.00836
4.43376
4.15462
4.47252
4.3165
4.26622
4.19172
4.32434
3.95493
4.23172
3.8687
4.36577
4.17262
3.85387
4.4346
4.59567
4.60691
4.14509
4.76782
4.31277
4.35497
4.06073
4.02533
4.47613
4.50696
4.22942
4.17743
3.74852
3.75522
4.24533
4.32296
4.51972
4.27133
4.24974
4.42668
4.27284
4.1486
4.16081
4.41521
4.03914
4.4351
4.01047
3.713
4.06331
4.26648
4.32192
4.3999
4.37277
4.28017
3.79473
4.08988
4.34218
3.99169
4.26402
4.08832
4.04043
3.62067
4.32493
4.01645
4.29743
4.29014
3.86198
3.81296
4.15297
3.83464
4.0191
4.02083
4.46101
3.87902
3.92481
4.20469
4.31516
4.44347
3.91914
4.36557
4.6279
4.60324
3.90161
4.33313
4.1742
4.34893
4.5299
4.02944
4.17072
4.03353
4.5872
3.95118
3.68797
4.26603
3.97678
3.99229
4.03669
4.27187
3.94488
3.86499
3.92206
4.00841
4.02565
4.12267
4.39137
3.89156
4.19473
3.41505
3.68025
3.97109
4.33254
4.25766
4.24331
3.76383
4.17282
4.32882
3.82793
3.90811
3.71105
4.0977
3.91821
4.08303
4.63071
4.17187
4.60295
3.95845
4.11131
4.00576
4.04717
3.71966
4.15091
4.05652
3.60953
4.07313
4.07125
4.20159
4.30963
3.53916
4.48686
3.86287
3.73222
4.00954
4.08428
4.0876
4.02402
3.69605
4.24633
3.97374
4.16008
4.03758
4.13822
3.81717
3.96899
4.6087
3.81341
4.16005
4.07164
4.28681
4.33345
3.88561
4.29248
4.07585
4.2895
4.22682
4.27179
4.04307
4.01835
3.78957
3.99097
4.24884
3.7764
4.72917
4.40777
4.55763
4.40251
4.31455
4.5009
3.9622
4.13626
3.85094
4.19832
4.08645
3.78768
4.21528
3.8948
3.98804
4.03863
4.439
4.21665
4.19925
4.1461
3.97313
4.47114
4.414
4.19593
4.52095
4.15518
4.29742
3.93304
4.2328
4.40243
4.06145
3.99184
4.01904
3.99269
4.42149
4.3547
4.31367
4.05178
4.1323
4.26299
4.14823
4.05797
3.76804
4.54788
4.13893
3.98529
4.21898
4.36668
4.38998
4.26045
4.17611
4.26393
4.23822
4.20422
3.90739
3.80101
4.4206
4.08106
4.29067
4.31063
4.22292
4.33901
4.48094
4.32403
3.97175
4.28096
4.03544
3.91614
4.15777
3.88159
4.04652
4.15439
4.37208
4.1538
4.32949
4.48003
3.98518
4.16068
4.57858
4.18255
4.19203
3.73099
4.43961
4.30537
4.72673
3.95614
4.5182
4.07942
3.88005
4.10288
4.52597
4.65391
4.07648
3.9895
3.81276
3.80874
3.92396
4.40798
4.19435
3.91662
4.56742
3.58245
4.15738
4.09685
4.22364
4.35764
4.00454
4.31132
4.08485
4.02931
4.32516
4.00141
4.38692
4.32043
4.01331
4.2707
4.26149
4.23478
4.22826
4.05062
4.34034
3.98128
4.1754
4.05392
4.1985
3.98786
4.22324
4.03205
4.26591
4.24045
4.38744
4.32018
4.25399
4.27637
4.20621
3.87039
3.82697
4.12745
4.37681
4.38986
4.12128
4.14243
3.98349
4.43106
4.42703
4.0087
3.81811
3.94601
4.67493
4.62614
3.9747
4.21375
4.28849
3.99878
4.08362
4.454
4.02365
4.35994
4.10946
4.23207
4.57984
4.5238
4.21251
4.50165
3.88933
3.70918
3.9818
4.26247
4.02526
3.97312
4.00813
4.026
4.30339
4.24041
4.26927
4.18438
4.49699
4.10006
3.88267
4.01818
3.64127
3.81638
4.17329
4.11908
4.31871
3.87559
3.69872
3.68601
4.74844
3.99109
4.09838
4.18734
4.00384
3.92236
4.04088
3.96405
4.16894
4.13843
3.98834
4.08863
4.29242
3.76157
4.24146
3.78344
3.91176
4.01154
4.47528
3.85978
3.90737
4.38465
4.18493
4.31535
3.86129
4.1163
3.85381
3.95181
4.28197
3.54761
3.85087
4.02691
4.13881
3.95223
4.14232
3.94245
3.91914
3.6854
4.4687
4.10774
3.60129
3.98172
4.23923
4.89869
4.1017
3.95108
4.00397
4.2045
4.23365
4.009
3.77853
3.88348
4.0744
3.9384
3.94959
4.05644
3.94365
3.81926
3.87038
4.24405
3.89421
4.57826
4.07741
4.5561
4.66388
4.00945
4.46707
4.52461
4.41085
3.99545
4.27307
4.07597
4.29954
4.04155
4.24738
4.6088
4.78069
4.3578
4.10177
4.65212
4.32505
4.41696
4.13865
4.03391
4.4717
4.35345
4.19105
4.27437
4.3395
4.12952
4.41613
4.06915
4.55309
4.35289
4.41304
4.74105
3.70954
4.36118
4.51143
4.43056
4.28628
4.42297
4.41628
4.2853
4.58723
4.37129
4.26128
4.54972
4.16352
4.26021
3.86899
4.3994
4.36843
4.25864
4.03445
4.3314
4.33839
4.11475
3.95399
4.04772
4.42418
4.30585
4.77556
4.00666
4.73499
4.12804
4.63344
4.12611
4.1167
4.04804
4.48171
4.26879
3.99006
4.7543
3.56432
4.44173
4.08151
4.8941
3.95714
4.21202
4.22049
4.42037
4.10006
3.76163
3.90039
3.94429
4.24941
4.28289
4.07417
3.60651
3.92766
3.68544
3.70312
3.97005
3.96028
4.33148
4.26932
4.0488
4.01403
3.98767
3.89593
3.86601
3.83503
3.55643
3.5236
4.41316
4.16164
4.12646
4.15101
3.85634
3.68994
3.8345
3.98831
4.08922
4.40453
4.14156
3.80525
3.71948
4.08707
4.2308
3.84123
3.77689
3.98532
3.7364
4.31036
4.19225
3.72784
3.98768
3.63192
4.30433
3.887
3.91794
3.99482
4.30052
3.74728
3.88452
4.24022
4.00022
3.91696
4.13696
4.14239
3.64403
4.21442
3.69532
4.54886
3.86671
4.31171
4.24887
4.1402
4.45947
3.87112
3.67867
3.8932
4.00711
4.06878
3.85965
4.10159
4.19773
4.09957
3.76372
4.40557
4.07432
4.6012
4.164
4.28203
4.5506
4.10205
3.96887
3.89925
3.94977
3.76484
4.21388
4.21001
3.91612
4.21808
4.28974
4.45826
3.72124
4.18603
3.80541
4.1393
4.13835
4.02672
3.78525
4.12815
4.0148
4.15619
3.96948
3.59271
3.88713
4.00053
4.228
4.00424
4.31367
4.24886
3.80765
3.71878
3.86683
3.96547
3.90149
3.99392
4.31375
3.40931
4.16025
4.61373
3.71939
4.02314
3.81919
4.04199
3.97199
3.84899
4.04785
4.06791
4.17464
3.81142
3.98422
3.915
3.82095
3.87664
4.2571
4.05622
3.76295
4.40767
4.54527
3.94384
4.35227
4.30405
4.0034
4.37751
3.8823
3.57154
3.9716
4.1944
4.44354
3.88653
4.22328
4.0387
3.66722
4.17015
3.99547
4.30435
4.79309
4.2344
4.56882
4.21281
4.28874
4.18696
4.35574
3.88818
3.90004
4.16231
3.84915
4.2672
3.97987
3.98953
4.3315
3.87157
3.89485
4.23306
4.11918
4.30804
4.16972
4.32255
3.89635
3.79224
4.29865
4.18363
4.18865
4.53636
4.27826
3.81109
4.13085
4.45343
4.23841
4.16603
4.38242
4.67818
3.99888
4.1508
4.08435
4.20867
4.22267
4.12076
4.316
4.16144
3.99656
4.0223
3.76584
3.95884
4.25756
3.96619
4.20948
4.31522
4.20124
3.93354
4.04235
4.18753
4.28909
3.86916
3.91122
4.32473
4.44339
4.21582
4.17231
4.41039
4.38361
4.34903
4.19507
3.90067
4.07678
4.06907
3.94777
3.64793
3.94666
4.15203
3.85014
4.07903
4.43188
4.35823
4.35271
4.25523
4.07118
4.11436
3.99474
4.15363
3.85647
4.13466
4.30726
4.09945
3.94391
4.19908
4.08377
4.26522
4.33958
4.52018
4.05952
3.85433
3.99538
3.47886
4.25155
4.00237
4.08024
4.14363
3.94453
3.91687
4.12962
3.7087
4.25983
4.55655
4.55226
3.82077
3.61991
4.49249
4.33547
3.97265
3.72049
4.12276
4.08253
4.40286
3.93727
4.48957
4.31653
4.03524
4.37772
4.05107
3.91411
4.12728
4.31225
3.66212
4.08109
3.9473
4.24175
3.81732
4.25875
4.13093
4.06982
4.21891
3.91055
4.21227
3.64708
4.39903
4.02193
4.17504
3.98827
4.06386
3.86515
4.13757
4.16776
3.85323
3.9643
4.10993
4.49707
3.5059
3.83137
4.1773
3.93499
4.48775
4.12471
4.29505
4.12774
4.00344
3.94085
4.00717
3.87176
4.16881
3.98007
4.3573
4.55897
3.91268
4.28902
4.03873
4.17981
4.40288
4.11807
4.00487
4.3889
4.60382
4.49053
3.83048
3.88531
4.25787
3.91293
4.26189
4.21526
4.74617
4.03744
4.15608
3.93333
4.21467
4.20158
3.60931
3.91641
4.36226
4.15049
4.18955
4.04819
4.44204
4.29256
4.10502
4.30512
4.12866
3.92144
4.19469
4.21001
3.8587
4.13951
4.27704
4.03952
3.94002
4.40167
4.10433
4.26972
4.13177
3.92528
4.7925
3.96075
4.33738
4.30558
3.95407
4.52169
3.57012
4.1635
4.03714
4.58768
4.12665
4.11207
4.35541
4.41527
4.22959
3.75939
4.37544
4.31811
4.07813
4.19648
3.57083
4.06431
3.97278
4.37036
4.05124
4.04384
4.28557
4.06432
4.18289
4.26981
4.5515
4.18471
4.33669
4.41772
4.28403
4.017
4.19538
3.61995
4.33139
4.06034
3.92648
3.91725
3.85372
4.04211
4.31542
3.74403
4.56799
4.38333
3.87441
4.27378
4.03609
3.52146
3.68143
4.14961
4.06159
4.30124
4.37032
4.36598
3.77782
3.90774
4.11827
3.99043
3.91682
3.80063
3.90511
3.88987
4.15897
4.48383
4.22277
4.01367
4.39304
4.15513
3.92691
3.9356
4.06499
4.47836
4.30217
4.29568
4.00554
4.3027
4.06072
4.00234
3.74964
4.11313
4.10497
4.07342
4.27928
4.33904
4.13844
3.73648
3.90126
4.12308
4.44037
3.92742
4.08314
3.73984
4.35982
4.66895
4.43305
4.03331
4.06894
4.33391
4.3276
3.91485
4.65974
4.38684
4.25134
4.2834
4.41852
3.96
4.1837
4.13366
4.57669
4.17836
4.14534
3.92357
4.01349
4.20157
4.11285
4.21788
4.65212
3.95009
4.05093
3.45412
3.65017
3.92995
4.14407
4.12533
4.12812
3.99534
4.31909
4.50144
4.20415
4.40702
4.02525
4.324
4.01866
4.29346
4.1206
4.10877
4.17432
4.34411
4.21566
4.20391
4.43442
4.19537
4.02824
3.79106
4.43752
4.42677
3.9568
4.37724
4.27002
4.15604
4.62143
4.41552
4.22068
4.40217
4.23946
4.11024
4.04462
4.11273
4.26184
3.84066
3.73696
4.33146
4.41844
4.6132
3.98253
3.70447
4.08239
4.17872
3.82402
4.03393
4.3161
4.10159
4.01537
4.3026
4.3657
3.84155
4.02146
3.97122
4.05621
4.30539
4.00235
4.3455
3.7594
3.83908
3.56001
4.13022
4.02593
4.30146
4.10028
4.24674
3.82134
4.16012
4.33574
3.94363
3.45676
4.05646
3.90562
4.01528
4.2527
3.98984
4.29432
3.77414
4.04119
4.22459
3.82464
4.03014
4.32728
4.12277
4.05484
4.00584
4.24664
3.70909
3.90621
4.1913
4.21093
3.91893
3.98115
3.98334
4.02076
3.76334
4.5451
3.58694
4.20844
4.18858
3.66823
3.74747
4.2473
4.38496
4.26614
4.19041
4.02667
4.1348
3.94168
3.80837
3.96898
3.98862
3.96268
3.65737
4.02093
4.22896
3.99251
4.2834
4.01864
4.25553
4.22625
4.29943
4.20223
4.16059
3.99767
4.15175
3.89599
4.30531
4.28193
3.78786
4.21483
3.9377
4.07222
3.72776
4.26113
4.21377
4.07774
4.47795
3.97626
4.25827
4.00395
4.07826
4.18643
3.91683
4.18678
3.96601
4.04993
4.0106
4.11166
4.3682
4.2279
4.15666
3.65198
3.24375
4.05886
4.0863
3.97937
3.75843
3.84106
3.92394
4.04279
4.34923
4.05915
4.05934
4.01945
4.19862
4.39784
3.83939
4.34628
4.29023
3.65386
4.01426
3.97126
4.13486
3.81947
4.36401
4.16792
4.18227
4.12884
4.49451
4.09167
3.91059
3.71054
3.75202
4.24046
3.44208
3.87437
3.69032
3.98669
3.86043
3.79752
3.795
4.14751
4.10689
4.18173
3.84797
3.67796
3.94645
4.02483
3.95203
3.95608
3.58073
3.52196
3.74553
3.82395
3.86345
3.68546
4.14019
4.0087
3.60685
3.70852
4.29304
4.04052
3.87572
3.97121
3.97096
3.65752
4.19805
4.17722
4.25738
3.72944
3.74747
3.75745
3.64277
3.77095
3.97424
3.82984
3.84411
3.69342
3.59695
3.68204
3.71961
3.9303
4.11289
3.83896
3.74937
3.65551
4.18175
3.67437
4.03783
3.70666
4.37087
3.77593
3.55741
3.75297
3.61691
4.10539
4.13379
3.87198
4.14391
4.35177
3.74718
3.66691
3.98016
3.90639
4.1387
4.15382
3.92849
4.48159
4.08588
4.24877
4.15026
3.94951
3.79224
4.1117
3.85803
4.04233
3.74903
3.97859
4.19667
4.08364
3.97084
3.75933
4.05091
3.92463
4.25255
3.94687
4.35908
4.12844
3.94356
3.82989
4.49794
4.26621
3.80308
4.27539
4.22937
4.03076
4.52629
4.18199
4.01652
4.55567
4.04048
4.2908
3.83899
3.94854
4.11323
4.10765
3.83128
4.22659
4.05137
4.01492
4.11361
4.20316
4.56207
4.08325
3.98317
4.23015
4.34819
3.87031
4.24257
4.36914
4.09631
4.07435
4.08062
3.92839
3.55832
4.18344
4.09537
3.86404
4.08145
4.67787
3.92561
4.10227
4.50596
4.30096
4.5525
4.18458
4.39783
4.08602
3.92294
3.73741
3.81084
4.00566
4.58306
4.07126
3.72284
4.22358
4.30804
3.83934
4.34163
3.70869
4.03267
4.46057
4.18093
4.2516
3.84033
3.92143
4.41345
4.23552
4.15567
4.10017
4.20704
3.83828
4.02052
4.28891
3.95685
4.38033
4.09038
3.89818
4.31083
3.78255
4.13587
3.82673
3.88597
4.00402
3.97964
4.17343
3.81737
4.2696
4.24815
4.07771
4.50737
4.34876
3.95831
3.77339
3.78482
4.6111
3.79227
4.15617
3.78011
4.05216
4.33214
3.96918
4.03826
4.11294
4.08969
3.89495
4.15107
4.40448
3.75777
3.7993
3.68951
4.19908
3.96929
4.04611
4.06076
3.71575
4.14496
4.24204
4.00722
3.81832
4.25548
4.23711
4.02871
3.98646
4.01136
3.97739
3.98307
3.93104
3.80287
3.88542
3.99626
3.7011
4.17971
4.46077
3.98608
3.64805
4.01066
3.911
4.27879
3.98546
3.81497
3.96052
3.99603
4.38065
4.15496
4.25915
3.61751
4.06216
4.03911
3.89764
3.81043
4.24299
3.80397
4.1607
4.22285
4.03635
3.39415
3.81056
3.72638
3.21032
3.72133
4.10247
4.00933
4.34634
4.29911
4.49159
4.23541
4.18467
4.17815
3.66774
4.00012
3.8181
4.20689
3.79537
3.86681
3.66872
4.14323
3.93074
3.8297
4.23056
4.28087
4.25596
4.22765
4.09465
3.68137
3.97066
4.15319
4.52191
4.27244
4.01146
3.82852
3.96714
4.18355
4.1314
3.99799
4.22735
3.98229
4.5482
3.83668
3.99424
4.37725
4.3489
3.72401
3.93829
4.18533
3.71034
3.74574
3.72638
4.36245
4.431
4.39475
4.26872
4.24565
3.96481
4.09659
4.19282
4.27119
4.07537
4.42666
4.08568
3.89459
4.05872
4.34815
3.76955
4.10916
4.086
4.26645
3.9696
4.14984
4.33195
4.50837
4.08919
4.06436
4.16598
4.32467
4.33541
3.74059
3.9289
4.06954
4.19802
4.26743
4.31884
4.40889
3.96162
4.26314
3.88121
4.59098
4.01005
4.5767
4.03415
3.89408
4.07489
3.91443
4.39596
4.16054
4.10778
3.65753
4.23832
4.16053
4.0952
4.4842
4.18016
4.1437
3.8487
4.30727
4.00858
3.86102
3.76216
3.85843
4.09985
4.15109
4.15731
4.16736
4.24324
4.03698
4.2675
4.30741
3.84738
4.82933
4.21886
3.94677
4.28697
3.87369
3.46977
4.04434
3.74023
4.0154
3.8236
3.97493
4.0022
4.12229
4.33694
3.72985
4.06226
4.00788
4.43877
4.14001
4.05168
3.9497
4.08356
4.25407
4.19559
4.16314
3.79936
3.7118
3.70089
4.0979
4.22269
3.97693
4.1241
4.0965
4.06078
4.06729
4.40097
4.48325
4.03671
3.8683
4.39817
4.32782
3.93195
4.34234
3.90447
4.20492
3.98956
4.25279
4.36465
4.45707
4.11252
4.17159
4.15825
4.25891
4.0345
4.02202
3.98345
3.83817
4.91892
4.27775
4.1342
4.29852
3.88779
4.0675
4.65243
4.41858
4.53164
4.14753
3.93563
4.33112
3.94379
4.04003
4.27894
4.43703
4.10671
3.97958
4.42749
3.92805
4.21475
3.76085
4.26257
4.28976
4.09085
3.90881
4.15987
3.99574
4.35508
4.39939
4.20731
4.15154
4.45848
4.36402
4.26388
4.20705
4.03526
4.47162
4.36685
4.39042
3.92444
4.24628
4.29529
4.06185
4.31453
3.83152
3.92905
4.27054
3.89868
4.06264
3.74612
4.0601
4.13022
4.10735
3.64917
4.32653
3.87135
4.26192
4.06172
3.8926
3.92613
4.31502
3.72174
3.84969
3.97622
3.52994
3.69215
4.11923
4.09495
3.93261
4.4062
4.31542
3.99142
4.23263
3.47894
4.19867
3.6495
3.99841
3.84893
3.67739
3.93395
3.61854
3.83349
3.76801
3.86961
4.317
4.06508
4.02382
4.1149
3.8877
4.24149
3.71674
3.93592
4.2692
4.09681
4.30057
3.98922
4.03707
4.07355
3.98198
4.21236
3.83796
4.03489
4.27172
4.00795
3.8318
4.19973
3.94218
4.33652
3.82191
4.57177
4.13057
4.17769
4.02681
4.34795
4.14067
4.31181
4.1643
4.23786
4.10016
4.38389
4.34073
4.52064
4.369
4.26614
4.23814
3.86202
4.31413
4.37447
4.07077
4.24593
4.56654
4.23525
4.74833
4.12063
4.14353
4.24232
3.94929
4.42313
3.93202
3.91817
4.21656
4.10205
3.96334
4.08376
4.04775
4.04769
4.23912
4.55408
4.31775
4.24573
3.93671
4.13302
4.90187
3.97828
4.47987
4.61364
3.75851
4.50856
4.29178
4.23403
4.10993
3.9878
4.16149
4.04795
4.04027
4.27124
4.04119
4.01549
4.26699
4.0393
4.56831
4.37791
4.68858
3.89196
3.9537
4.46724
3.83304
3.69607
4.04432
3.98227
4.17895
3.84709
4.30414
3.90157
4.19998
4.11311
4.05439
4.0887
3.95782
4.17554
3.95224
3.91944
4.30109
4.18125
4.65236
4.24838
3.78801
4.33328
3.65319
4.58495
4.28361
3.70516
4.15534
4.0829
4.02774
3.94914
3.9718
3.84544
3.94868
3.95318
4.28955
4.13881
4.0933
4.07005
4.93333
3.97943
4.20503
4.37828
4.05121
4.48939
4.00455
4.01537
3.86178
3.88938
3.83901
4.01155
3.9237
4.4061
4.11829
4.09723
4.38657
4.4689
4.74583
4.28167
4.3305
4.12409
4.45349
4.75616
4.43988
4.00599
4.02682
3.81763
3.93945
4.7348
4.18877
4.3457
4.03384
4.04038
3.97145
4.22704
4.14364
3.97862
4.47475
3.87892
4.17377
4.13078
4.38775
4.47341
4.24504
4.11928
4.29238
3.79269
3.99141
4.36358
4.49691
3.78651
4.14546
4.23654
3.92689
3.9095
4.23921
4.69008
4.16532
4.43718
4.3652
4.51797
3.63317
4.36897
4.56862
3.95555
4.30301
4.16549
4.06631
4.26729
4.49249
4.27331
4.07049
4.17414
4.37047
4.10547
3.97831
3.90631
4.32041
4.58863
3.81701
3.68302
4.06462
4.04497
4.28907
4.14215
4.04013
3.92829
4.1223
4.27795
3.8857
4.113
4.37808
4.29587
3.82301
4.58236
4.26278
4.13411
3.72091
4.2672
4.15927
4.03491
4.24214
4.52189
4.2686
4.27614
4.47801
3.47438
4.26155
4.24557
4.05359
3.58326
4.20943
4.17737
3.99363
4.20429
4.24811
4.22851
4.12567
3.67343
4.01293
4.20531
3.75672
4.37787
4.09016
3.86246
4.25201
4.15312
3.60791
3.88465
4.44363
3.92255
3.94548
4.17618
4.156
3.82354
3.9262
4.18129
4.09717
4.4064
3.75845
4.51716
3.68475
3.95508
3.89773
4.02644
4.24279
3.94075
4.11654
4.16294
4.23861
4.15053
4.05534
3.59099
4.07026
3.82038
4.07821
3.93181
4.01526
3.86513
3.95668
4.23332
3.86836
4.0296
3.7692
4.29613
4.05537
3.98434
3.84424
3.86979
4.18587
4.19934
3.83224
4.28321
4.09342
3.79065
4.59726
3.67466
4.33188
3.84515
4.28267
3.88762
4.12243
4.27995
4.12507
3.84478
3.99711
3.82666
4.009
4.25431
3.85797
4.31296
4.10167
4.19093
4.2212
4.10152
4.0394
4.00678
4.70094
4.11516
4.17193
4.10467
3.78831
3.72154
3.60654
3.94756
3.96925
4.11917
4.42164
4.14248
3.61116
3.49079
4.26764
4.17621
4.00407
3.60397
3.89565
3.99793
3.79142
3.94879
4.20882
4.10139
3.65092
4.28801
3.92437
3.62212
3.82892
3.85099
3.45062
4.10189
3.67882
4.1064
3.86675
3.87355
3.7903
3.47501
3.8669
4.07406
4.58955
4.07864
4.29526
4.34402
3.6782
4.22942
3.71564
3.69343
4.2196
3.63216
4.03768
3.87074
4.15994
3.97908
4.08663
4.07144
3.90596
4.05108
4.41349
4.4586
4.42368
4.15563
3.91266
4.08416
3.94745
3.95818
4.19009
4.31683
4.74258
3.88644
4.113
4.38509
4.27944
3.61856
4.41919
4.4086
4.51107
4.39794
4.40693
4.59061
4.38781
4.33927
4.23135
4.12687
4.35514
4.35108
4.07448
3.91326
4.43983
4.4725
3.94796
3.84958
4.3595
4.35515
4.31804
4.00791
4.50052
4.76547
4.02192
4.30817
4.13585
4.20502
4.44566
4.40372
3.84474
3.77989
4.31121
4.03108
4.04922
4.29953
3.68206
3.89005
4.25586
4.28203
4.46812
4.72376
3.85918
4.16269
4.10477
4.03115
4.3341
3.93128
3.72961
3.77045
4.14019
4.13937
4.0917
4.0854
4.11916
4.02645
3.67876
4.01771
4.12511
4.53143
4.46991
4.33421
4.15115
3.90648
3.83972
3.88367
3.90154
3.70141
3.42817
4.30849
4.15222
4.30327
4.19258
4.46986
4.25937
4.24375
4.07787
3.89138
4.2382
4.21353
4.1892
4.30343
4.03436
4.17491
4.10427
4.30006
4.09108
4.50721
3.98853
3.94432
4.09763
4.15346
4.11953
3.90675
4.02296
4.16724
4.19071
4.34284
4.32744
3.98907
3.9057
4.05113
3.90096
4.30552
4.10769
4.39655
3.8437
4.27762
4.50521
4.47524
4.02938
3.89697
3.98618
4.0645
4.26316
3.75864
4.05185
4.31659
3.76078
4.50443
3.84339
3.8066
3.85103
3.93077
4.245
4.29694
3.71513
4.20815
4.1102
4.15965
4.44792
4.12266
4.19731
4.21164
4.16953
4.24988
4.17689
4.40733
3.99769
3.80446
3.82753
4.09497
4.27768
4.01618
3.87229
3.90202
3.87512
4.05172
3.89589
4.54719
4.174
3.94408
4.2987
3.58358
4.0217
4.01779
4.06359
3.92379
4.57525
4.05416
4.12778
3.52281
3.99035
4.31699
3.58782
4.07407
4.08444
3.8694
3.98324
4.23196
4.07062
4.05515
3.88285
4.0866
3.74647
3.97525
4.0286
4.15372
3.99148
4.17648
4.03839
4.00739
3.48673
4.19257
4.46781
3.73285
3.8829
3.73815
4.34242
4.02286
4.16964
4.29964
4.11943
4.03699
3.95514
3.87219
4.08995
4.15593
4.16232
4.24675
4.09952
3.98196
3.88831
4.0028
4.19805
4.13399
4.40139
3.843
3.9027
4.17293
4.1135
4.2846
3.96812
3.94016
3.97869
3.78209
4.58891
3.53972
4.04282
4.14949
4.02724
3.80298
4.14555
4.11163
4.26735
4.13867
3.6264
3.87303
3.45768
3.97081
4.10043
3.80542
4.21419
3.97111
4.05355
3.84072
3.88244
4.13969
3.87706
3.41889
3.89718
4.47509
3.67707
4.56308
3.91616
3.87951
4.1446
4.03267
4.0007
3.79624
4.2276
3.92428
4.08436
4.39501
4.39321
3.60544
4.07826
4.10719
4.20725
4.53615
3.78373
3.6624
3.98849
4.04252
3.79875
3.71551
3.7891
4.28059
4.21501
3.2622
3.73017
4.13689
4.35605
4.42172
3.80117
4.21449
3.48309
3.98477
4.04177
4.01361
3.92756
3.9662
4.1462
3.72036
3.79981
4.13903
4.03679
4.15505
4.15717
3.95735
3.87646
3.61364
4.10543
4.01525
3.72875
4.18868
4.12843
3.86269
4.19368
3.83501
3.69905
3.89202
3.9067
4.10472
4.01843
4.25552
4.05144
3.94657
3.97703
4.25843
4.24737
4.40133
3.94986
4.12463
4.08245
3.83485
4.04043
3.72016
4.21482
4.16077
3.95361
3.86784
3.8656
4.03791
3.87804
3.9278
4.19974
3.79945
4.20729
4.39227
3.70673
3.92238
3.97629
4.05803
3.67781
4.04884
4.07512
4.26829
3.5977
3.94966
4.09587
4.12079
4.15855
4.0093
4.1237
3.89478
4.09605
4.1728
3.72886
4.05829
3.95047
3.72935
3.69389
3.9465
3.62283
4.1782
4.01657
4.21204
3.60775
4.07811
3.90335
4.454
4.2671
4.1553
4.60486
4.50984
4.24127
3.87322
4.21236
4.32833
3.78444
3.70032
3.93685
4.25867
4.47924
4.0043
4.53143
3.96467
4.36868
4.37831
4.02238
3.90659
4.53301
4.30101
4.00746
4.44483
4.14086
3.8735
4.34209
4.50758
3.92318
3.78938
3.87773
4.05446
4.35284
4.44823
4.46104
4.40708
4.09368
4.71127
4.0236
3.83623
4.2805
4.01831
4.25067
4.05932
4.254
4.29388
4.20751
3.89897
4.13853
4.2105
4.12062
4.22453
4.29779
3.99414
4.25156
4.02323
3.85306
3.85243
4.07413
4.17659
4.4178
4.3126
4.33708
4.22878
4.34726
3.98726
3.84293
4.06148
3.96254
4.49476
3.80169
3.98125
3.73529
4.1391
4.13198
4.08507
4.08197
4.32129
4.102
3.81523
4.44208
4.39221
3.8604
4.25193
3.96028
3.9682
4.58091
4.16454
3.62056
3.88719
4.21228
4.07395
3.7832
4.2907
4.36515
3.83258
4.07339
4.14717
4.48986
4.14263
4.32269
4.19603
4.29165
4.55014
3.99984
4.09772
4.15952
4.30839
4.22443
4.41162
4.3397
4.17226
4.20013
4.14402
4.27523
3.70623
3.9627
4.09116
3.86326
3.85571
4.0189
4.14347
4.00176
4.26307
4.34198
4.39421
3.8154
3.92231
4.60244
4.32007
3.9559
4.12322
3.84071
4.40499
3.95353
4.2728
4.10843
4.05715
3.9062
4.1756
4.17716
4.34898
3.85705
3.80694
4.3005
4.30503
3.98273
4.36891
3.89003
3.99995
4.63648
4.55702
4.26854
4.3426
4.2663
4.30818
4.53814
4.16508
4.80444
4.04577
4.48856
4.07315
4.03623
4.07725
4.25014
4.31827
4.15207
4.06591
4.54686
4.21569
4.38199
4.0322
4.28673
4.25995
4.13294
3.88361
4.42885
4.16851
4.34146
4.27526
4.19827
4.16903
4.52576
4.0727
4.27473
4.32148
4.10736
4.28398
4.2994
4.36905
4.18266
4.24131
4.67983
4.50778
4.82416
3.79194
4.11852
3.86254
3.70486
4.19669
4.03671
4.30609
4.22908
3.93622
4.36525
3.45159
4.22891
3.98775
3.84977
3.96764
3.70947
3.80943
3.97484
3.69329
3.77026
3.82917
3.66342
4.18121
3.9112
3.83782
4.45236
3.83958
4.6172
3.80196
4.00054
3.79766
4.09822
3.84747
3.7366
3.97261
3.74468
4.13723
4.01641
3.96578
3.95261
4.22069
3.79193
3.69104
4.31757
4.02583
4.16752
4.47473
4.23361
3.59862
3.72912
3.99373
3.98339
4.2367
4.29902
4.25341
3.81951
4.05108
3.81507
3.85487
3.88571
3.94625
4.11879
3.56517
3.93375
3.65002
3.69997
3.74444
3.9302
4.19363
3.687
3.88983
3.51964
4.17962
3.96752
3.67268
4.50263
3.86748
3.73157
3.78902
3.44278
3.77807
3.98706
4.09812
4.04704
3.92379
4.06888
3.66187
3.72397
4.08741
3.88392
4.3306
4.00573
4.01888
4.19202
4.13585
4.30016
4.28855
4.33529
4.22943
4.22453
4.41092
4.47659
4.16475
3.94284
4.45735
3.72758
4.56411
4.39034
4.38461
4.06219
4.27648
4.61877
4.19679
4.10598
4.14776
4.3608
4.76047
4.18888
4.5551
4.22887
4.05909
4.85886
4.15776
3.9528
4.37511
4.56299
4.21432
4.1575
4.5301
4.40538
4.02134
3.98637
4.25441
4.61751
4.76979
3.96602
4.20567
4.17774
4.05599
4.48099
4.72956
4.20614
3.9889
3.97156
4.06126
4.06868
4.00678
4.28069
3.94773
3.96182
3.70205
4.21522
3.97306
4.44325
4.26133
4.48377
4.32036
4.15925
4.55538
4.33791
3.4893
3.77734
3.93469
4.17033
4.40819
4.24755
3.96444
4.28134
4.41279
4.20111
4.22888
3.99653
4.33111
4.01444
3.74123
4.10628
4.23091
4.47954
3.74723
4.01539
4.31323
3.9339
3.94148
3.96741
3.79964
3.91684
3.83302
3.8318
3.91555
4.0051
4.18875
3.63879
3.53308
3.96304
3.8898
3.88982
4.35166
4.2542
3.93879
3.57673
3.71944
4.25776
3.69327
3.9562
3.69182
3.91446
3.69624
3.57983
3.45113
4.04984
3.97541
3.77853
3.85015
4.08129
3.96745
3.53213
3.71272
4.46764
4.12765
4.1731
4.02522
4.04378
4.2716
4.107
3.68493
3.96569
3.84242
4.27744
3.7485
3.94028
4.01838
4.17092
3.56255
3.70641
4.10575
3.88575
4.17045
4.09482
3.93349
3.81546
3.76748
4.08393
4.21414
4.25198
4.17205
4.29451
4.05361
4.25402
3.7274
3.70613
4.30802
4.14264
3.91695
4.18132
4.08945
3.89674
3.89813
3.87941
4.38307
3.83519
4.22531
4.0316
4.00329
4.19076
4.68895
3.84179
3.92587
4.66575
3.5546
4.18284
4.40207
4.07803
4.05573
4.19564
4.16454
4.03083
4.15831
3.96964
4.01472
3.96002
4.01308
4.26416
4.09233
4.08059
4.45053
4.19126
4.13152
3.8278
3.76689
4.14546
4.53384
4.08261
3.73873
4.3754
4.02188
4.1944
3.86313
4.15876
3.79303
3.94373
4.44567
3.90245
4.62255
4.00932
4.35613
3.60433
4.48708
4.14584
3.93636
3.67703
3.80764
4.18729
4.05975
4.02581
4.25946
4.11094
4.02337
4.38274
4.10461
4.03327
4.10145
4.27398
3.98108
4.21902
4.45714
4.36342
4.1177
3.98705
4.09811
4.19121
4.42125
4.16058
3.94081
4.3243
4.21304
3.825
4.02646
4.00316
3.83656
4.57336
4.07742
4.68176
4.23639
4.46955
4.16737
4.20071
4.07866
4.0826
4.23834
3.97009
4.13703
4.0404
4.36851
4.0829
4.34016
4.59486
4.28901
3.93508
4.31604
4.50008
4.03943
4.71127
4.30306
4.22153
4.24478
4.17716
4.13567
4.64737
4.44247
3.8979
4.30363
4.6275
4.30416
4.03912
4.06716
3.76394
4.6344
4.4659
4.23602
4.38108
4.29992
4.74966
3.91504
4.04382
4.32101
4.18303
4.01018
4.40368
3.84002
3.96622
4.37321
4.55006
4.17797
4.10387
3.95836
4.12018
4.14691
4.26432
4.42077
4.3404
4.20038
4.12116
4.04486
4.07695
3.98826
4.15776
3.8987
4.11612
4.06021
4.1307
4.0053
4.04337
4.33195
4.28919
4.02634
4.67253
3.75856
4.59402
3.97672
4.01143
4.27873
4.46317
4.28531
4.10295
4.18157
4.16405
4.32959
3.89818
4.58077
4.05053
4.40547
4.26338
4.50889
4.20126
4.31721
4.61532
4.3526
4.40827
4.51081
4.18744
4.13058
4.21169
4.04815
4.16801
4.36318
4.35803
4.36698
4.16921
4.62747
4.1692
4.90489
4.31376
3.8885
3.926
4.27137
3.93559
4.09714
3.94726
4.06886
4.05505
3.93806
3.77577
4.11645
4.11495
3.83686
4.24635
4.13844
4.38396
4.01528
4.24203
4.14807
4.03486
4.0551
3.81673
3.66198
4.06248
4.24061
4.17704
4.32293
4.11309
3.94066
3.90618
3.70811
3.93729
4.14589
4.40802
4.31471
3.88424
3.88933
3.776
3.9671
4.07187
3.87482
3.99165
4.20243
3.74299
3.89879
4.03865
3.94937
3.9899
4.1934
4.35023
3.93921
4.1023
4.52821
3.92773
4.1544
3.79077
4.22599
3.93047
3.76886
3.87002
3.8473
4.17227
4.11388
3.84627
4.01746
4.02942
4.1249
4.49169
4.00525
3.7921
4.31663
4.02811
4.07304
3.61823
4.32398
4.13515
4.02015
4.02628
4.1845
4.11881
3.80612
4.30277
4.39791
3.71675
4.22377
4.26351
4.42657
4.18242
4.54747
3.93548
4.2283
4.28632
4.2399
4.34908
4.34357
4.49433
3.89297
4.05188
3.90504
4.34347
4.42769
3.40685
3.99245
3.89744
3.78591
3.736
3.81408
3.37019
3.79791
4.03889
4.29331
3.78693
3.88938
4.13293
3.99839
3.82854
4.15339
4.17619
3.8749
3.82212
3.93596
3.69305
4.04095
3.98532
3.81632
3.90286
3.95315
4.09176
3.66028
4.02846
4.03328
3.57296
4.1966
4.03549
4.12538
3.85314
3.52581
3.7973
3.54885
3.78784
4.31343
3.95293
3.97546
3.86218
4.08607
3.97724
3.7317
4.11057
4.35021
3.83574
4.18746
3.97649
3.85738
3.78943
3.88093
3.72826
3.80874
3.94266
4.26554
4.06541
3.58154
3.50072
4.04622
4.33924
3.80564
4.31838
4.01129
4.35419
4.27308
4.0576
4.74494
4.43381
4.24361
4.16651
4.07118
4.47083
4.07427
4.31845
4.27299
4.00875
3.74679
4.32947
4.21578
3.96595
3.93203
3.99605
4.24302
4.15669
4.00432
3.95807
3.77243
4.28143
4.24082
4.32711
4.28456
4.30665
3.99286
4.08589
4.23862
4.43494
3.85401
4.21101
4.17207
4.15352
4.29728
4.38813
4.34183
4.02231
4.19299
4.06784
3.85407
3.95435
3.9091
4.02967
3.89789
3.85903
4.20941
4.25223
4.04485
4.16899
3.98232
4.10549
4.39912
3.98357
4.04445
3.80611
3.63474
4.12105
4.26187
4.04027
3.70437
3.88122
4.75563
3.90643
3.82814
4.00494
3.57882
3.91738
4.00584
3.69023
3.91549
4.0562
4.06611
3.66711
3.87672
4.27264
3.70999
4.15856
4.02011
3.8752
4.29479
3.91199
3.63054
3.77859
4.2576
4.05167
4.22343
3.99001
4.11217
4.02798
3.52638
4.06655
3.93068
3.97757
3.96727
4.0628
3.93141
4.20005
4.1815
3.9797
4.24991
4.43583
4.32123
3.7292
3.62608
4.07917
4.49625
4.39928
3.99016
4.21938
4.28444
4.64773
3.61018
4.21252
4.22129
4.34088
3.85738
4.08525
4.39119
3.97467
3.80825
3.5087
4.03535
4.12973
4.05598
4.34523
3.80327
4.08491
4.39557
3.84672
4.36419
3.61811
4.09986
4.55876
4.04848
4.11871
3.92581
4.2607
3.87567
4.06842
4.34071
3.90371
4.24209
4.34801
4.02273
4.16345
4.02532
3.49512
3.95415
4.34646
4.06932
3.75788
3.83651
4.26782
4.01778
3.79329
4.0035
4.29649
4.19811
4.2176
4.04126
4.21734
4.53601
4.32858
4.50633
3.89766
4.26436
4.2531
4.06428
4.33322
3.86575
3.9265
3.58349
4.20133
4.04619
4.07211
3.9571
4.20171
3.79431
3.80229
3.7322
4.1319
4.44538
4.20904
3.99232
3.96791
4.11752
4.30832
4.14727
4.38514
4.63407
4.43346
4.27093
4.23321
4.03963
4.23663
4.46189
3.89633
4.49308
4.18682
4.27166
4.04101
4.59394
4.47966
4.26453
4.64361
4.01288
4.12363
3.97127
4.42554
4.28176
4.74481
4.12712
4.34499
4.55374
4.0406
4.19105
4.13973
3.98102
3.7106
4.54039
4.26557
4.44285
4.42526
3.65995
4.04665
4.55832
3.95699
4.13518
4.33639
4.83211
4.163
4.48537
3.99583
4.09949
4.04256
3.88749
3.66964
4.21351
4.22297
4.45646
4.11279
4.33444
3.90992
3.77358
4.11936
4.1198
4.12876
4.37967
4.24774
4.29791
3.73544
4.25692
4.20412
3.77471
4.01975
3.99913
3.713
4.22622
4.06009
4.07423
3.9903
4.26213
3.69542
3.83359
3.98555
4.22428
3.90062
4.12545
4.48563
3.87851
4.24163
3.94436
4.40084
4.19141
3.93988
4.27625
4.04035
4.28058
3.46731
4.15731
4.17779
4.54958
3.77391
3.91768
4.54882
4.29671
4.21535
4.12682
4.40031
5.00937
4.42362
4.0927
4.29319
4.29721
4.44315
4.46071
3.90162
4.59328
4.56315
4.54086
4.02524
4.25774
4.21703
4.55233
4.3554
4.15679
3.82184
4.05369
4.04672
4.16048
3.8946
3.86871
4.08088
4.01636
4.16557
4.19443
4.48601
3.57632
3.63522
3.64932
3.73864
4.67276
4.16636
4.47377
4.09177
4.32511
4.3226
3.90275
4.09305
4.01301
4.27358
4.40666
3.97243
4.14597
4.20679
4.6187
3.73198
4.81423
4.36637
4.50824
3.99445
3.90429
4.28645
4.10094
3.91699
4.36163
4.34872
4.00576
3.81397
3.88353
4.40918
4.22327
4.65594
4.24199
4.15364
4.00475
4.19857
4.12195
3.8585
3.78925
4.46183
4.27941
3.8686
4.04235
3.58259
4.1932
4.15533
4.26275
4.203
4.14642
4.20354
4.03747
4.55305
4.54044
4.43514
3.79192
4.52355
4.1763
3.82178
4.41576
3.90751
4.07179
4.10173
4.28464
3.96505
4.29224
3.817
4.07691
4.0985
4.28831
4.22129
3.93859
3.98052
4.16434
3.91104
3.53679
3.54409
3.70575
3.40222
4.14437
3.99901
4.49886
4.10127
4.3645
3.92317
4.06542
4.02727
4.15407
3.93171
3.87433
4.27132
4.12279
4.4324
3.73472
4.22161
4.42478
4.16341
4.37595
4.12999
4.20922
4.37238
4.49319
4.00808
4.02582
4.02532
3.58792
3.78564
4.16225
4.46608
4.18806
3.68102
4.15039
3.52804
4.05627
4.28414
4.41495
4.35396
4.15686
3.6961
4.02183
4.37325
4.37481
4.28546
4.08427
4.11442
4.56416
3.97033
4.40421
4.19441
4.05484
4.37736
4.16956
4.07406
3.99962
4.25407
4.27704
4.15031
4.83588
