18.1023
18.0073
18.1399
18.1726
18.1405
18.3856
18.4515
18.1292
18.4124
18.3003
17.6928
18.8713
18.4956
18.2213
17.8086
17.7639
17.9182
18.1362
18.2183
18.4061
18.1272
18.2864
18.4448
18.2956
17.9129
17.9611
18.2425
18.2272
18.6182
18.1944
18.1143
18.0647
18.0681
18.3809
17.9332
18.6409
18.0089
18.07
18.4045
17.9768
18.4549
18.325
18.3123
18.1205
18.2376
18.2081
18.4524
18.329
17.7178
18.5248
18.2168
17.7147
18.1881
17.9624
18.4568
18.0273
18.1266
18.2391
18.5304
18.4702
18.4568
18.2429
18.2506
18.3547
18.2858
18.3295
18.3556
17.9492
18.0572
18.1069
18.1694
17.9964
18.5644
17.7682
18.2816
18.2456
18.5055
18.0455
17.915
17.9299
18.3568
18.3101
17.9432
18.2529
18.2499
18.1382
18.5961
18.1586
18.3589
17.9601
18.3956
18.3307
18.5598
18.1183
17.8421
18.329
18.1577
17.3281
17.7935
18.3788
18.3883
18.5383
18.281
18.2173
18.475
17.9312
18.2701
18.1514
18.185
18.7198
18.1146
18.6253
18.1075
17.9804
18.4058
18.1158
18.2907
17.8066
17.9409
18.4106
18.3137
18.2659
18.2757
18.3599
18.1871
18.3356
18.4568
18.4763
18.1278
18.6315
18.257
18.6628
18.0077
18.4166
18.0067
18.4775
17.6759
18.6853
18.2759
18.4903
18.5455
18.344
18.1925
18.4267
18.267
18.2876
18.2785
18.4369
18.4512
18.2984
18.1181
17.8723
18.5429
18.2349
18.4632
18.2347
18.5269
18.5794
18.3848
18.3485
18.176
18.335
18.6874
18.7384
18.6081
18.306
18.1967
18.2707
18.3211
18.3444
18.3232
18.3155
18.3999
18.1102
18.4464
17.8518
18.6151
18.545
18.0043
17.8001
18.1171
18.2019
18.521
18.1938
18.1414
18.1533
18.4097
18.2573
17.848
18.4089
18.161
18.1767
18.2822
18.568
18.257
17.9861
18.1762
18.4866
18.7736
18.1416
18.4842
18.0856
18.5344
17.7371
18.3879
18.0888
18.5354
18.058
18.2528
18.3172
18.0587
18.4124
18.1808
18.0879
18.4114
18.0268
18.5366
18.1571
18.3857
17.883
18.0725
18.2873
18.0737
18.5003
18.1944
18.2044
18.0448
18.2203
17.9914
18.1582
18.4815
18.025
18.0488
18.1998
18.4644
18.1272
18.1984
18.2869
18.3186
18.2276
18.5289
18.3002
18.6608
18.1546
18.4604
18.1974
18.0732
18.4051
18.4072
18.3165
18.7013
18.2891
18.2375
18.1622
18.6584
18.5125
17.9324
18.4272
18.1086
18.4853
18.3863
18.262
17.9397
17.8
18.4417
18.5173
18.4022
18.6075
18.3117
18.207
18.5806
18.5622
18.5019
18.4143
18.4568
18.4481
18.4715
18.6099
18.5453
18.4358
18.4087
18.2278
18.1989
18.1942
18.1553
18.3871
18.2686
18.2656
18.1796
18.224
18.5503
18.2637
18.3211
18.2468
18.5259
18.3042
18.3458
18.0803
18.0622
18.105
17.8412
17.9242
18.449
18.6313
18.0982
18.0482
18.0829
18.259
18.2655
18.0855
18.6079
18.0933
18.7138
18.3297
18.5692
18.5036
18.3987
18.2332
18.4366
18.2243
18.4871
18.3261
18.6188
17.9489
18.545
18.5108
18.4929
18.0233
18.2592
18.1951
18.4343
18.0631
17.9354
18.4916
17.8349
18.3959
18.1673
18.3355
18.2355
18.1554
18.3184
18.1597
18.1557
18.5226
17.9345
18.4178
18.2274
18.1573
18.4294
18.6347
18.3863
18.5796
18.1967
18.5955
18.36
18.1334
18.6344
18.372
18.2302
18.2296
18.2876
18.0048
18.1085
18.3375
17.831
18.3697
18.389
18.4567
18.2026
18.1881
18.4703
18.6187
17.9668
18.1062
18.2859
18.3063
17.8675
18.6368
18.5613
18.2761
18.4285
18.131
18.1899
18.21
18.367
18.2024
18.0876
18.6358
18.3461
18.0671
18.8462
18.5389
18.636
18.1596
18.386
18.5232
18.1181
18.6013
18.4713
18.4525
18.3955
18.6704
18.422
18.5991
18.5762
18.2515
18.4392
18.5706
18.2448
18.2698
18.1505
18.4508
18.0839
18.3181
18.2672
18.5568
18.4111
18.3343
18.6116
18.2964
18.4889
18.3923
18.0682
18.3786
18.178
18.7
18.3111
18.4792
18.4066
18.3605
18.4462
18.517
18.6183
18.4081
18.3855
18.0695
18.5755
18.0841
18.0852
18.0605
18.2554
18.6314
18.6226
18.2963
18.7733
18.6585
18.4382
18.2834
18.6753
18.2384
18.5998
18.7191
18.4584
18.184
18.4383
18.3488
18.6567
19.0036
18.7172
18.2473
18.5172
18.403
18.6768
18.1124
18.3949
18.343
18.3697
18.3568
18.4625
18.6266
18.4487
17.9957
18.5869
18.2617
18.507
18.5299
18.5752
18.448
18.0932
18.1718
18.4674
18.506
18.2424
18.4596
18.1197
18.1129
18.1444
17.8035
17.7927
18.5008
17.8346
18.2671
18.3599
18.1121
18.1534
18.0945
17.686
17.8595
18.1218
18.0265
18.191
18.0169
17.9293
18.0809
18.3766
18.2785
18.0494
17.9977
17.8887
18.4398
18.1275
17.7111
17.9618
18.6075
17.8135
18.3692
17.7925
18.0923
17.9512
18.7434
18.247
18.3332
17.9527
18.1706
18.2621
18.0264
18.2012
18.5262
17.6808
18.4826
18.085
18.2044
17.981
18.1465
18.5165
18.4804
18.4449
18.0839
18.2703
18.5839
18.3331
18.1082
18.4977
18.4771
18.429
18.3074
18.3053
18.3768
18.1782
17.908
17.9555
18.2115
18.3684
18.1554
18.3063
18.3131
18.4257
18.2897
18.4797
18.2547
18.5212
18.2481
18.2468
18.3319
17.9126
18.0058
18.3583
17.66
17.7967
18.2
18.329
18.5848
18.1646
17.9072
17.7351
18.2784
18.3031
18.0862
18.0506
18.0414
17.9777
18.0938
18.348
18.0745
18.4498
18.5465
18.3629
18.4483
18.3573
18.535
18.3086
18.3147
17.923
18.0363
18.377
18.8561
18.2273
18.6069
18.2796
18.0963
18.2633
18.5965
18.5169
18.4596
18.4602
17.9919
18.6165
18.1223
18.0991
18.5968
18.2203
18.2839
17.7956
18.1718
17.7756
18.6059
18.315
18.2833
18.2576
18.6347
18.7153
18.0458
18.3185
18.3903
18.2566
18.1324
18.2179
18.6785
18.5564
18.1391
18.1776
18.3317
18.4776
18.3045
18.4558
18.5593
18.1479
18.4563
18.4384
18.4774
18.2778
18.432
18.5887
18.4613
18.3635
18.4519
18.2228
18.4184
18.4246
18.4217
18.3004
18.3749
18.1492
18.606
18.4091
18.3366
18.4639
18.4484
17.6762
18.4847
17.9179
18.2764
18.2184
18.3782
18.6509
18.3896
18.4675
18.0018
18.1496
18.4209
18.2466
18.254
18.3942
18.2426
18.3207
18.4507
18.2214
18.2353
18.1874
18.2505
17.9196
18.8552
18.5014
18.1877
17.8874
18.2249
18.2654
18.3223
18.1297
18.0673
18.5333
18.421
18.4607
17.813
18.09
18.9681
17.8992
18.4253
18.4463
18.058
18.4104
18.205
18.2679
18.0459
18.5763
18.3505
18.4502
18.0885
18.1374
18.3318
17.8912
18.0444
18.5998
18.336
17.8025
18.4434
18.43
17.8966
18.2599
18.4101
18.1385
18.3734
18.1654
17.8883
17.9515
18.2689
17.7283
18.1607
17.8712
17.8588
18.0789
18.761
17.9908
17.8544
18.2139
18.1617
18.5941
18.518
18.4399
18.2759
18.2824
18.5699
18.0512
18.3051
18.1706
18.2625
18.2913
18.169
18.3329
18.5267
17.9735
18.2401
17.9431
18.5768
18.1559
18.5806
18.4258
18.3971
17.901
17.8946
18.6299
18.3334
18.3775
17.9851
17.8614
18.221
18.0789
17.9219
18.1974
18.432
18.0313
17.9653
18.0643
18.4355
17.8987
17.6123
17.7163
18.3484
18.2539
17.791
18.2953
18.3713
18.5025
18.007
18.0113
18.3025
18.0436
17.7579
18.0552
18.4704
17.8709
17.9842
18.0901
17.9297
18.1435
18.1708
17.9812
18.273
18.1714
18.2636
18.2447
18.0314
18.1647
18.3845
18.1198
18.2806
18.2571
17.7727
18.1982
17.8009
18.2436
18.1299
18.3434
17.7455
18.0653
17.9053
18.6599
18.2494
18.0718
17.98
17.8437
18.3131
18.205
18.2413
18.0778
17.8269
18.0529
18.159
18.3056
17.9622
18.4314
18.5656
18.1708
18.0809
18.2027
18.0239
18.5585
18.1878
18.2015
17.959
18.3709
17.7919
18.0272
18.149
18.3297
17.9069
18.3146
18.2921
17.8584
17.973
17.9169
18.4569
18.0681
18.1591
17.7266
18.0486
18.1281
18.3258
18.3214
18.2394
18.4862
18.3424
18.0422
18.1662
17.9876
17.9451
17.7862
18.4018
17.8046
18.1109
17.9341
18.1262
18.0633
18.3219
18.1789
18.1725
17.9779
18.0026
17.8397
18.0374
18.1595
18.1267
17.7189
17.8752
17.8809
17.833
17.5929
17.8417
17.8577
18.0574
18.0536
18.2968
18.2869
18.6705
17.9035
18.1755
18.8333
17.9577
17.9839
18.0074
18.2599
18.1368
17.7539
18.0692
18.176
18.1961
18.6987
18.2525
18.2474
18.0815
17.9923
18.6141
18.2181
18.0057
18.233
18.2757
17.9038
18.3494
18.2162
17.9817
18.3178
17.6908
18.5395
18.2383
18.0354
18.0396
18.4529
18.0509
17.9736
18.1108
18.1493
17.8774
17.9316
17.6419
17.9097
18.1149
18.4988
18.6243
17.7268
18.4019
18.0406
17.9743
17.9163
17.7974
17.763
18.0761
18.3662
17.9701
18.6374
18.6028
18.2197
18.2645
18.4589
18.2547
18.1419
18.3796
18.2134
18.6738
18.1907
18.1417
17.9139
18.4743
18.0614
18.384
18.1931
18.4668
18.2917
18.102
18.2283
18.1928
18.5968
18.2016
18.1667
18.1122
17.9338
18.6599
18.1478
17.9847
18.2508
18.0845
18.253
18.2689
17.9948
17.9752
18.0905
18.2828
18.1142
17.5107
18.4558
18.425
18.2208
18.4526
18.4237
18.451
18.1935
18.2915
18.366
17.8895
18.3462
18.3228
19.1389
18.3097
18.2939
18.1127
18.635
18.5684
18.5094
18.5927
18.3045
18.7863
18.1112
18.8264
18.2155
18.1944
18.2329
18.0983
18.2393
18.1261
18.4611
18.1785
17.9996
18.6419
18.0982
18.3155
18.3139
18.6541
18.2238
18.1151
18.1165
18.2402
18.1709
18.5793
18.1445
18.2638
18.3621
18.4295
18.687
17.8157
18.2727
18.4226
17.9982
18.2245
17.6827
17.9557
18.3034
18.2858
18.2688
18.1376
17.7553
18.1349
18.1156
18.392
18.0763
18.0289
18.0759
18.1467
18.0471
18.1629
18.386
17.8777
18.222
18.0817
18.4478
17.8722
18.2915
18.2361
17.8967
17.8633
17.8963
17.8599
18.4003
17.8974
18.5201
18.2468
18.014
18.2599
17.8965
18.147
17.9024
18.2616
18.0669
18.4906
18.2717
17.9836
18.237
18.4552
18.2083
17.8926
17.8748
17.8134
17.8448
18.2691
18.039
18.4667
18.0343
18.2191
18.0216
18.3026
18.2554
18.2503
17.6898
17.6939
18.1209
18.3173
18.3352
17.5897
18.0373
18.07
18.246
18.3584
18.3194
18.1988
18.0783
18.1391
18.3354
17.993
18.1555
17.9957
18.0755
18.3042
18.1483
17.9231
18.4972
18.9033
18.5597
18.0331
18.432
18.5266
18.2609
18.6194
18.2692
18.8028
18.5055
18.434
18.2577
18.3938
18.3062
18.5798
18.34
18.2311
18.4036
18.2763
18.5651
18.7598
18.5747
18.7392
18.4738
18.6897
18.4383
18.2986
18.382
18.637
18.944
18.2404
18.3775
18.3321
18.4333
18.5133
18.527
18.6094
18.4344
18.7123
18.5067
18.1393
18.8643
18.2454
18.4514
18.4449
18.455
18.5637
18.6159
18.1028
18.3165
18.5219
18.308
18.7486
18.3157
18.4837
18.286
18.3341
18.8464
18.6363
18.7153
18.6032
18.6347
18.3395
19.0071
18.1373
18.0142
18.6036
18.7795
18.308
18.8805
18.5232
18.387
18.518
18.495
18.5652
18.3769
18.3979
18.4686
18.2908
18.646
18.3517
18.489
18.6933
18.3031
18.4483
18.2021
18.0158
18.3922
18.0938
18.2452
18.2299
18.1861
18.4699
18.0131
18.529
18.7737
18.3809
18.2929
18.4919
18.6305
18.1982
18.2113
18.6244
18.2517
18.5007
18.1201
18.0433
18.1864
18.6052
18.1554
18.2219
18.459
18.6182
18.2313
18.2799
18.7682
18.4706
18.3709
18.1581
18.1961
18.1649
18.5411
18.4199
18.4823
18.1367
18.5831
18.0613
18.1155
18.2649
18.5939
17.9161
18.4847
18.1142
18.6046
17.9762
18.3184
18.3122
18.679
18.5717
18.4409
18.3466
18.1274
18.6318
18.6288
18.3813
18.8014
18.3644
18.1431
18.4483
18.5534
18.1087
18.1069
18.7561
18.6187
18.4572
18.5437
18.325
18.6764
18.3153
18.4784
18.2233
18.4594
18.6466
18.5666
18.1542
17.9428
18.3187
18.3848
18.3183
18.8058
18.4081
18.0964
18.2031
18.4493
18.2872
18.4333
18.2727
18.5016
17.8372
18.8054
18.326
18.2412
18.2416
18.7087
18.499
18.3652
18.1593
18.5138
18.4111
18.0968
18.427
18.1036
18.4015
18.5373
18.2529
18.5256
18.5058
18.6397
18.0688
18.2352
18.1975
17.7756
18.4414
18.2624
18.2524
18.5678
18.2427
18.5014
18.0145
18.4774
18.1048
18.0782
18.5091
18.8996
18.5125
18.5056
18.4334
18.4059
18.5763
18.5002
18.4742
18.0442
18.1045
18.3072
18.6087
18.1941
18.3544
18.3031
18.062
17.9862
18.3176
18.3348
18.3331
18.1794
18.2618
18.1235
18.4762
18.5015
18.3203
18.2879
18.5412
18.193
18.5627
18.0525
18.3734
18.1516
18.344
18.4179
18.2003
18.4224
18.2314
18.2559
17.8472
18.5019
18.5377
18.2556
18.2004
18.3677
18.1534
18.4103
17.8888
18.09
17.7629
18.3689
18.3962
18.3344
18.2022
18.1907
17.9396
18.2288
18.5029
18.1607
18.109
18.2461
18.0905
18.0301
17.9498
18.4431
18.2331
17.955
18.0884
18.2674
17.8068
18.1294
18.2895
18.2545
18.1538
17.9203
17.7766
18.3769
17.8614
18.4324
18.149
18.0037
18.0779
18.0572
18.2643
18.1447
18.3094
17.8117
17.9302
18.3962
18.0743
18.3463
18.149
18.2288
17.8456
18.2088
18.374
17.8892
18.2475
18.0286
18.2516
18.12
18.3227
17.9294
18.5683
18.3939
18.207
17.9087
17.9229
18.0825
18.3158
18.2093
18.1964
18.1573
18.2727
18.2267
18.0787
17.9115
18.1955
18.4456
18.3137
18.3285
18.2374
17.8792
18.3773
18.0817
17.7887
18.261
18.0157
18.2978
18.0368
17.5624
18.0691
18.0416
18.4161
17.9277
18.2736
18.3347
18.0331
18.5926
18.4812
18.3007
18.3585
18.1343
18.1337
18.1116
18.3736
18.3135
18.5982
17.9786
18.4142
17.8648
18.0456
18.1069
18.208
18.5171
18.1944
18.0069
17.8902
17.5176
18.3633
17.8234
18.1931
18.1315
18.0152
18.0693
18.1073
18.6985
18.3365
18.2512
18.1074
18.0532
17.9175
18.2051
18.0488
18.4543
17.9204
18.1018
18.3318
18.6219
18.2112
18.0634
18.2127
18.1349
18.3013
18.23
18.1429
18.2549
18.3061
18.521
18.0499
18.0289
18.3328
18.7163
18.0377
18.0742
18.4364
17.9991
17.9414
17.9816
18.2463
18.3115
18.237
18.095
18.2342
18.2077
18.0792
18.2625
18.4007
18.2274
17.9587
18.1297
18.0914
18.0686
18.4843
18.1694
18.2435
17.9265
18.2236
18.4184
18.2946
18.4405
18.3488
18.1247
17.8496
18.3086
18.2668
17.9462
18.1945
18.2647
18.1912
17.6658
18.1615
18.0201
18.5705
18.4515
18.199
18.3954
18.1336
18.585
18.2633
18.5573
18.2499
18.4295
18.4364
18.0971
18.1002
18.333
18.1532
18.1775
18.0454
18.1477
18.0808
17.9696
18.2109
18.4484
18.2058
18.1726
18.2922
18.2513
18.3312
18.236
18.2281
17.9914
18.1586
18.5152
18.4503
18.3763
18.3325
18.1015
18.1342
18.3965
18.4357
18.4466
18.4451
18.6022
18.2704
18.0634
18.0945
18.5351
17.9153
18.5018
18.153
18.1287
18.2955
18.1135
18.1368
17.7463
18.0915
18.3613
18.6322
18.4091
18.2094
18.1227
18.4492
18.2619
18.2857
18.2757
18.4455
18.5591
18.1918
18.5379
18.6047
18.2258
18.5538
18.1193
18.5163
18.1572
18.1156
18.6672
18.4427
18.4561
18.2325
18.3226
17.7882
18.8482
18.5049
18.0933
18.3419
18.2551
18.4154
18.3915
18.1622
18.4317
17.674
18.591
18.4715
18.3311
18.3566
18.0748
18.4637
18.747
18.5749
18.0087
18.2646
18.228
18.9359
18.4293
18.3774
18.6295
18.735
18.7051
18.3938
18.3484
18.1645
18.7696
18.2692
18.1609
18.4036
17.9231
18.3859
18.0568
18.5747
18.2071
18.0794
18.257
18.4907
18.0542
18.3508
18.5851
18.444
18.1267
18.6893
18.4525
18.3096
18.4532
18.2046
18.0111
18.05
18.3834
18.3834
18.2829
18.3849
18.1231
18.3868
18.6168
17.6585
18.2038
18.0512
18.3269
17.9665
18.1488
18.2964
18.3705
17.6824
18.3404
17.9075
18.0399
18.0184
18.2601
18.108
18.334
18.3329
18.444
18.1354
18.1251
18.0299
18.3599
18.1317
17.9547
18.482
18.0229
18.1001
18.3956
18.0155
18.0467
18.2362
18.1403
18.0234
17.882
18.5408
18.2282
18.092
18.0016
18.2539
18.2373
18.313
17.9147
17.9394
18.3001
18.3836
18.2521
18.5547
18.222
18.1144
17.9139
18.2097
18.1023
18.3473
18.3303
18.0839
17.909
18.2067
17.6733
18.1303
18.432
18.5157
18.2892
17.8893
17.8209
18.8344
18.2271
17.8935
18.0928
18.1892
18.3527
18.3757
18.1551
18.1968
17.9988
18.0026
18.2961
18.3091
17.8373
17.8651
18.1314
18.1894
18.041
18.2582
17.7935
18.048
17.9456
18.1623
18.2475
18.2309
17.9657
17.742
17.875
18.5227
18.0552
18.1394
18.0375
18.3614
18.0012
18.1496
17.9495
18.7137
18.0416
18.1736
17.9416
18.2934
18.502
18.4829
18.0065
17.9643
17.7934
18.2535
17.8539
18.1688
18.4233
18.4418
18.0573
18.3162
18.0047
18.2382
18.1876
18.0932
18.5502
18.4719
18.2202
18.0689
18.3108
17.8826
17.9619
18.1184
18.2761
18.5256
18.209
17.7366
18.2296
18.1455
18.0417
17.8027
18.1787
18.3781
18.3
18.4247
18.0858
17.9195
18.061
18.0173
18.1664
18.1077
18.4925
18.2175
18.5749
18.2797
17.9114
17.9155
17.8673
18.0684
18.3517
18.107
18.5229
18.3747
18.3264
18.244
18.1413
18.1832
18.0902
18.3878
18.2751
18.1964
17.7393
18.1723
17.7967
18.3742
17.9753
18.1306
18.1113
18.0397
18.0826
18.4126
17.9361
18.0849
18.4183
18.3219
17.798
17.8318
17.8127
18.3357
17.83
18.1097
18.2997
18.397
18.2447
17.8204
18.3437
17.9975
18.1807
18.0297
18.3225
18.0488
17.8801
18.0293
18.3704
18.0624
18.5056
18.1975
18.3275
18.1912
18.1491
17.9835
18.2452
18.1648
17.9629
18.2745
17.861
18.0668
18.5013
17.7581
18.2168
18.3441
18.2426
18.3754
18.2367
18.1421
18.6536
17.8897
18.639
18.3018
18.4679
17.7736
18.0778
18.4811
18.1961
18.1141
17.9369
18.4311
17.955
17.7839
18.0232
18.1893
18.3584
18.6306
18.4344
18.5962
18.4171
18.2644
18.1873
18.6337
18.7014
18.3516
18.6235
18.6156
18.5306
18.2704
18.6156
18.5645
18.3642
18.2081
17.9973
18.3775
18.385
18.3496
18.5835
18.4048
19.1755
17.9619
18.5795
18.7407
18.6838
18.3986
18.4476
18.5236
18.2386
18.3081
18.4293
18.1339
18.3113
18.3453
18.1941
18.5853
18.1885
18.5443
18.6885
18.5223
17.8299
18.1908
18.7501
18.3558
18.4052
18.5326
18.4978
18.6428
18.5696
19.0259
18.0465
18.4441
18.576
18.9162
18.7211
18.3497
18.6299
18.5739
18.5403
18.4965
18.0178
18.1953
18.6741
18.389
18.9218
18.4888
18.2095
18.1666
18.5403
18.9125
18.3617
18.1604
18.3572
18.2555
18.2231
18.2067
18.131
18.8863
18.6225
18.2346
18.0175
18.0407
18.3064
18.4396
18.3719
18.3574
18.2841
17.969
18.3716
18.2232
18.4478
18.3496
18.1157
18.1883
18.2356
18.5387
18.6159
18.2379
17.9088
18.2709
17.9411
18.393
17.96
18.2488
18.7755
18.4045
18.554
18.2395
18.2021
18.6476
18.4402
18.6077
18.3436
18.5319
18.5207
18.5562
18.1696
18.4624
18.2183
18.3052
18.5194
18.6522
18.3278
18.5551
18.538
18.3468
18.2822
18.4769
18.1728
17.9985
18.4074
18.0188
18.3922
18.3197
18.2289
18.5157
17.7491
18.3543
18.0626
18.273
18.3284
18.5267
18.072
18.2316
18.2957
18.7983
18.4679
18.3618
17.99
18.0582
18.5164
18.2849
18.2195
18.1674
18.4189
18.1921
18.3681
18.6115
17.862
18.2867
18.3315
18.507
17.9102
18.2536
18.2436
18.529
18.1922
18.5377
18.3489
18.4377
18.4465
18.591
18.3855
18.1966
18.2302
17.9424
17.8606
18.219
18.4152
17.8857
18.2528
18.383
18.3254
18.2382
18.1961
18.1804
18.157
18.1885
18.0316
18.2055
18.4306
17.9245
18.0896
18.6445
18.3812
18.5513
18.2636
18.4919
18.1212
18.3461
18.6869
18.2502
18.1846
18.1087
18.5096
18.483
18.2321
18.0117
18.4777
18.0328
18.2312
18.0482
18.3127
18.6802
18.2673
18.575
18.3953
18.3958
18.3186
18.7408
18.3809
17.9492
18.0954
18.2583
18.2395
18.2223
18.3526
18.0736
18.5936
18.0149
18.1631
18.4256
18.1102
18.1917
17.6524
18.3023
17.5988
18.3381
17.9205
18.3902
18.504
17.8595
18.0783
18.2668
17.9974
18.2366
18.0955
18.0701
17.9295
18.0403
18.0149
17.9204
18.0957
18.3766
17.8504
18.1877
18.0822
18.5964
18.0491
17.9369
18.1328
18.7044
18.1472
18.2506
18.4559
17.9139
17.8055
18.3381
18.0141
18.2854
18.3673
18.2246
17.8685
18.0905
18.4797
18.2382
18.1358
18.3094
18.5826
18.4945
18.4392
18.2553
18.2045
18.2152
18.0614
17.6969
18.3002
17.9266
18.2784
18.1431
18.2794
18.0366
17.8741
18.4669
18.1433
17.9281
18.1413
18.2987
18.7292
18.5187
18.3655
17.8551
18.2643
18.0909
18.2362
17.9484
18.2059
17.6428
18.3424
17.8076
18.1272
18.0682
17.9072
18.3523
18.1614
18.1007
18.2637
18.1861
18.0863
17.9009
18.6307
18.0818
17.9732
18.1681
18.048
18.1896
18.2965
17.8921
18.2934
18.3022
18.3226
18.3275
18.4104
18.4516
17.9526
18.3269
18.2601
18.6017
18.2965
17.9911
18.4573
18.3452
18.6137
18.5983
18.2431
18.1823
18.2236
18.2251
18.1001
18.0704
18.2516
18.5382
18.5971
18.0375
18.2626
18.35
17.9883
18.3159
18.1189
18.1856
18.0917
18.3449
18.1239
18.2903
17.7135
18.4713
18.4363
18.0265
17.9916
18.069
18.1411
18.5746
18.6145
18.1303
18.1338
18.2681
18.3555
18.3679
18.6487
18.0048
18.2071
17.8731
18.0778
18.0907
18.4629
18.4935
18.2472
18.2487
18.3707
18.3754
18.6519
18.5463
18.0314
18.3565
18.576
18.4074
18.3181
18.3622
18.1311
18.0071
18.2324
18.6894
18.6655
18.3009
18.1506
18.8281
18.4855
18.6874
18.6965
18.2073
18.2506
17.8383
18.3189
18.3131
18.4078
18.2486
18.4822
18.4399
18.2169
18.3477
18.4481
17.9897
18.156
18.3327
18.0393
18.302
18.08
18.526
18.1022
18.5362
18.2244
18.0468
18.3859
18.2103
18.5243
18.0878
18.5739
18.3421
18.0581
18.4885
18.0207
18.4703
18.4475
18.3916
18.0971
18.1037
18.2499
18.4299
18.3716
18.42
18.0003
18.3125
18.1536
18.0023
18.209
18.3607
18.4595
18.2135
17.9871
18.2783
18.4715
18.4881
18.1939
18.4636
18.1025
18.4654
18.2983
18.1985
18.3831
18.2655
18.5104
18.4512
18.1598
18.4255
18.1214
18.4184
18.5491
18.0842
17.9577
18.4417
18.1918
18.3302
18.4699
18.2712
18.194
18.255
18.5528
18.3614
18.4223
18.1942
18.3627
17.561
17.9461
17.9939
18.4983
18.3568
18.6551
18.3005
18.408
18.2661
18.0921
18.1213
17.951
18.4595
18.5584
18.2905
18.0964
18.5816
18.0108
18.346
18.329
18.2462
18.1463
18.5679
18.3502
18.0274
18.538
18.2061
18.4527
18.608
17.814
18.3733
18.0574
18.4425
18.2506
18.4263
18.4081
18.0926
17.8995
18.5941
18.1568
18.6698
17.8912
18.2123
18.2947
18.3616
17.7948
17.9755
18.4723
17.9334
18.0994
18.2434
18.0783
18.4449
18.1179
18.165
18.1194
17.8524
17.9336
18.4193
18.0613
18.3998
18.4513
18.4682
18.4185
18.2721
18.41
18.2913
18.3201
18.4491
18.458
17.8651
18.5232
18.5897
18.7165
18.4834
18.4959
18.1533
18.686
18.2453
18.389
18.3924
18.1877
18.3767
18.0295
18.2932
18.0246
18.4302
18.208
18.6226
18.4206
18.2337
18.4164
18.3157
18.3518
18.374
18.2721
18.077
18.3041
18.2445
18.0546
17.9262
18.3932
18.4088
18.4683
18.3768
18.3074
18.2814
18.554
18.0376
18.4402
18.0497
18.4706
18.1908
18.1994
18.5485
18.0388
18.6194
18.5691
18.4826
18.681
18.0577
18.5301
18.1845
18.6188
18.3839
18.3808
18.1776
18.4024
18.5558
18.3457
17.9543
18.3953
18.4107
17.9773
18.7386
18.6471
18.7475
18.4553
18.6677
18.2304
18.4764
18.453
18.7121
17.978
18.1762
18.5258
18.7028
18.2693
18.4931
18.2303
18.3456
18.5007
18.5375
18.8032
18.2735
18.5491
18.103
18.5412
18.2369
17.9455
18.3576
18.3309
18.4981
18.4845
18.2417
18.3797
18.2322
18.4127
18.4131
18.0227
18.3565
18.1976
18.4176
18.1099
18.1233
17.9583
17.9704
18.1505
17.987
18.3483
18.3775
18.0716
18.3292
18.1129
18.7158
18.4513
18.2045
18.3855
18.2183
18.5282
18.3236
18.0542
18.3986
18.4138
18.3622
18.1751
18.1873
18.568
18.4649
18.1386
18.6294
18.3792
18.1578
18.6578
18.1724
18.453
18.6073
18.2626
18.2455
18.0687
17.9717
18.1943
17.9321
17.8893
18.188
17.8551
18.3662
18.3238
18.1778
18.687
18.3284
18.3568
18.3525
18.0794
18.0187
18.3863
18.6055
18.1553
18.1393
18.2665
18.3805
17.8946
18.4837
17.8651
18.1496
18.214
18.5034
18.066
17.928
18.243
18.0974
17.8999
18.1324
18.2365
18.355
18.1758
17.7638
18.1003
18.3042
18.3902
18.2577
18.4308
17.8142
18.4792
18.0524
18.391
18.3626
18.5313
18.4095
18.2513
18.3949
18.3709
17.9979
18.3168
17.6669
18.1324
18.0572
18.2285
18.2933
18.2638
18.0295
18.188
18.1122
18.5861
18.0442
18.0417
18.1997
18.4131
18.4056
18.4118
18.3238
18.0782
18.2491
18.5039
18.2375
18.3347
18.0853
18.2792
18.5116
17.7004
18.025
18.3624
18.5695
18.3208
18.0175
18.2311
18.5795
17.6768
18.1843
18.157
17.9532
17.7576
18.2518
17.9803
18.0421
18.3787
18.1072
17.8388
18.1689
18.5548
18.1165
17.6706
17.9068
18.2953
17.9215
18.474
18.1502
18.4316
18.3192
18.3086
17.9573
18.5059
18.3868
18.3778
18.1288
18.1451
18.1881
18.3603
18.2932
18.2122
18.3137
18.0408
18.0197
17.9502
18.1492
18.8093
18.15
18.1953
18.277
18.3941
18.1936
18.5245
18.359
18.1063
18.4449
18.2005
18.3998
18.6377
18.0189
18.3319
17.8811
18.1718
17.9532
18.0525
18.2576
18.0387
18.0013
17.9429
18.0922
18.1574
18.5082
17.9347
18.1038
18.8714
17.93
18.5495
18.0051
18.6666
18.2675
17.999
18.6572
18.3084
18.7025
18.3132
18.2192
18.5616
18.0975
18.6361
18.4265
18.3594
18.4648
18.0744
18.0986
18.4574
18.6777
17.9315
18.7766
18.4699
18.5984
18.7929
18.2133
18.4004
18.3975
18.6539
18.2154
18.1577
18.2895
18.9141
18.1352
18.4674
18.5868
18.1417
18.2881
18.3694
18.0602
17.9767
18.2516
18.6823
18.5098
18.3686
18.4318
18.7995
18.7205
18.344
18.165
17.8565
18.1404
18.2122
18.4986
18.742
18.2191
18.3829
18.2154
18.0672
18.7976
18.525
18.3129
18.3464
17.999
18.3328
18.0063
18.2895
17.7662
18.0286
18.2417
18.3809
18.231
18.1651
17.971
18.1317
17.9217
18.0667
18.1276
17.9804
18.1772
17.8937
18.3184
18.0879
18.161
18.0909
18.0963
18.3605
18.1528
18.0406
17.9185
18.2994
17.7656
18.4141
18.5612
18.405
17.9985
18.429
18.2492
18.1505
18.6757
17.7244
18.0871
18.2643
18.4669
17.8764
18.2263
18.361
18.2916
17.9821
18.0965
17.8098
18.3473
17.8815
18.19
17.8474
18.2518
18.2664
18.4632
18.4566
18.2349
17.835
18.1207
17.9375
17.7385
17.9
18.1896
18.2177
18.2655
18.0981
18.6105
18.296
18.5605
18.2638
18.2867
18.3549
18.197
18.3471
18.4381
18.4292
18.8884
18.4406
18.3194
18.516
17.9971
18.6376
18.4817
18.6373
18.3023
18.2148
18.6803
18.5705
18.5092
18.8782
18.1593
17.9671
18.4938
18.3365
18.0926
18.5465
18.4383
18.2455
18.2827
18.6771
18.4042
18.3635
18.1435
18.5078
18.155
18.5293
18.5236
18.5596
18.6124
18.4579
18.0325
18.3876
17.8296
18.1543
18.6494
18.1241
18.5595
18.2107
18.8698
18.1926
18.3807
18.6901
18.5123
18.5639
18.3493
18.1001
17.9022
18.1669
18.0553
18.241
18.0272
18.3298
18.4188
18.4553
17.9803
18.2999
18.3175
18.0305
18.6169
18.3223
17.8538
17.7889
17.7233
18.13
17.8678
18.3089
18.0936
18.5338
17.9576
17.772
18.4669
18.515
18.2111
18.0809
18.5943
18.2886
17.8935
18.0682
18.0159
17.8378
18.0511
18.334
18.0438
18.112
18.0701
18.2339
18.2853
17.9201
18.301
18.6327
18.3336
17.9055
17.9188
18.056
17.9057
18.3999
18.0067
17.895
18.2852
17.9817
18.0326
17.9681
17.8252
18.4687
18.1328
18.3251
17.9725
18.3658
18.0361
18.0959
18.1639
18.3072
18.5661
17.9386
18.2722
18.2759
18.4085
18.3438
17.7864
18.3126
18.1991
17.8412
18.4147
18.1948
18.3092
18.565
18.0931
18.3646
18.1164
18.4038
18.5826
18.0271
18.0906
18.137
18.242
18.2274
18.157
17.9104
18.1621
18.0882
18.5737
18.4917
18.5821
18.498
18.351
18.0466
18.3514
17.9304
18.5451
18.4254
18.3853
18.0529
18.2424
18.3063
18.0662
18.2145
18.359
18.1554
18.4544
18.3916
18.0551
18.3077
18.2207
18.2543
18.5239
18.4025
18.2396
18.0491
18.2005
18.0071
18.2875
18.1993
17.7342
17.9961
18.0677
18.2455
17.8313
17.7575
17.881
17.7293
18.0092
17.978
17.9312
17.7587
18.2566
18.1801
17.985
18.0206
18.2706
18.1666
18.3025
17.9084
18.2972
18.4566
17.9567
18.2372
18.1951
17.6649
17.7219
18.0242
18.329
18.1703
17.9974
18.0978
18.4126
17.9463
18.1433
18.3766
18.017
18.1457
18.3173
18.0204
18.1178
18.5116
18.0387
17.9393
17.8788
17.9493
18.1115
18.0194
17.9908
18.307
18.0654
17.8859
18.1723
17.5845
18.4326
18.0804
18.2643
17.8587
18.4316
18.7598
17.9937
18.6237
17.7901
18.5924
18.1515
18.4311
18.256
18.4113
18.4328
18.4172
18.4877
18.5035
18.1307
18.3813
18.633
17.9427
17.9618
18.3311
18.12
18.5287
18.4257
17.9594
18.6077
18.0695
17.994
18.3657
18.4352
18.6802
18.4077
18.5471
18.5314
18.2141
18.4402
18.0909
18.2005
18.3793
18.4162
18.6012
18.3965
18.3965
18.56
18.4582
18.6281
18.8132
18.1277
18.3118
18.3219
18.3472
18.4586
18.3234
18.2571
18.0533
18.2349
18.5983
18.3911
18.4102
18.1443
18.7805
17.6729
18.4839
18.021
18.059
18.362
18.5136
18.0244
18.493
18.2233
18.0804
17.9967
18.2419
18.0539
18.0545
18.2864
18.3108
18.2091
18.302
18.3005
18.1678
18.3296
17.8275
18.524
18.2086
18.023
18.4013
18.4121
18.0017
18.6441
18.347
17.7562
17.9428
18.2756
17.999
18.2872
17.9421
18.5463
18.3826
18.0213
18.0493
18.2639
18.1728
17.9166
18.1235
18.0238
18.1961
17.6572
18.4086
18.4384
18.0147
18.3824
17.941
18.5876
18.3695
18.2285
18.1322
18.132
17.9253
18.4332
18.1867
17.9553
18.609
17.9601
18.5862
18.2927
18.3274
18.1123
18.1072
18.4234
18.3443
18.5754
17.9785
18.7779
18.2365
18.2922
18.5484
18.7234
18.2627
18.1686
19.0728
18.6148
18.1991
17.8826
18.2857
18.5301
18.3448
18.262
18.2953
18.3398
18.2835
18.6159
17.9512
18.0625
18.0573
18.623
18.1331
18.5032
18.5519
18.1229
18.0676
18.1331
18.0119
17.9268
18.0997
18.2475
18.9064
18.2669
18.069
18.4789
18.4472
18.1853
18.3453
18.2001
18.3944
18.1235
17.7611
18.4336
18.6455
17.969
18.1384
18.4319
18.3571
17.9809
18.1232
18.5282
18.4948
18.3696
18.5089
18.335
18.3969
18.2777
18.2138
18.6864
18.2177
18.3352
18.8159
18.3201
18.3091
18.2668
18.0189
18.5458
18.4553
18.477
18.0953
18.4588
18.409
18.7256
18.2852
18.0434
18.287
18.9542
18.6037
18.4855
18.1188
18.1969
18.0093
18.3783
18.3639
17.9751
18.5964
18.4781
18.788
18.1656
18.367
18.4311
18.2907
18.4763
18.4609
18.2442
18.3291
17.8589
18.2477
18.034
18.222
18.2305
18.2062
18.0936
18.6126
18.2044
18.1655
18.3109
18.1209
17.8948
18.2184
18.4538
18.2567
18.332
18.2702
18.5093
17.9081
18.1376
18.5803
17.7849
18.2425
18.1605
18.2739
18.715
18.4162
18.1334
18.3658
17.96
18.8054
18.0377
18.4757
18.4829
18.436
18.2591
17.9854
17.9966
18.4386
18.1684
18.2133
18.2386
18.2986
18.3871
18.4476
18.3459
18.1477
18.5329
17.8053
18.2723
18.2451
18.0167
18.1089
18.3016
18.0261
18.1293
18.2195
18.516
18.684
17.9419
18.2947
18.0623
18.2709
18.3531
18.5876
18.41
18.4294
18.2705
18.4457
18.2952
18.0422
18.6479
18.1903
18.2687
18.5028
18.2095
18.3104
18.5451
18.3872
18.3124
18.0679
18.1344
18.4278
18.5023
18.7073
17.9127
18.4022
18.6427
18.4099
18.4455
18.253
18.4838
18.4863
18.0314
18.3331
17.8909
18.5453
18.5361
18.2571
18.2788
17.7666
18.3567
18.0817
18.3051
18.003
18.4997
18.2512
17.7522
18.1577
18.2225
17.9156
18.1414
18.0278
18.6009
18.0379
18.3181
18.2225
18.1524
17.8763
18.2241
17.9548
18.4486
17.7726
18.0153
18.3339
18.3067
18.0728
18.1111
18.0836
18.1904
18.0903
18.2683
18.1662
18.4711
18.0123
18.2937
18.0976
18.391
18.2537
18.4304
18.6051
18.2753
18.2958
18.0727
18.1854
18.3174
17.9756
18.1147
17.9678
18.2716
17.8853
18.1476
18.4127
17.9518
17.9767
18.281
18.3982
18.4921
18.0552
17.6442
18.2777
18.2205
18.3489
18.3485
17.9448
18.1084
18.1188
17.988
18.162
17.9831
17.9006
18.4434
18.4589
18.2567
18.081
18.3123
18.1008
17.9183
18.1331
18.5272
17.6829
17.9627
18.2893
18.1388
18.2016
18.3748
18.3346
18.0588
18.5428
18.4613
18.0424
18.1976
18.214
18.2519
18.0072
18.4629
18.0146
18.3542
18.2399
18.2071
18.2044
18.2964
18.5893
18.0168
18.7249
18.3333
18.3272
18.0143
18.4679
18.3685
17.9845
18.2506
17.796
18.1061
18.1995
18.5146
18.5418
18.0043
18.4199
18.2503
18.2782
18.0939
18.3669
18.4423
18.3762
18.1683
18.3637
18.2182
18.2653
18.2943
18.5532
18.3299
18.1493
18.6186
18.0961
18.4383
18.7277
18.3707
18.0051
18.5957
18.616
18.0124
18.7067
18.7707
18.0179
18.2886
18.136
18.4977
18.4895
18.104
18.1672
18.2778
18.5134
18.5471
18.064
17.9029
17.7065
18.308
18.5114
18.4622
18.4196
18.1178
18.0813
18.2836
17.8872
17.8468
17.9826
17.4265
18.515
17.9523
18.052
17.9659
17.9971
18.3345
18.2278
17.9801
18.208
18.1689
18.1676
18.4535
18.2918
18.3725
17.9
18.265
17.7751
18.2074
17.9868
17.773
18.3617
18.0894
18.085
17.7039
18.4568
18.2948
18.1568
17.9256
17.7447
18.0276
18.2314
17.6484
18.0685
17.9185
17.9059
18.1283
17.7705
18.3318
17.7761
17.8838
17.7116
18.1745
18.0809
18.2355
17.9714
18.4177
18.1393
18.5847
18.2012
18.5624
18.821
18.1262
18.049
18.7481
18.5314
18.3788
17.938
18.3219
18.2541
18.2934
18.1962
18.3166
18.0742
17.9343
18.4582
18.598
18.5024
18.487
18.3383
18.1838
18.1286
18.5274
18.3852
18.522
18.4919
18.924
18.2624
18.0218
18.6511
18.2781
18.5116
18.0922
18.1674
18.3404
18.304
18.2753
18.4737
18.0484
18.0555
18.4776
18.3364
18.401
18.18
17.9508
18.3687
18.3189
17.9812
18.5842
18.2897
18.2132
18.4515
17.9565
18.6611
18.3997
18.5738
18.3183
18.0859
18.3741
18.2578
18.5652
18.0815
18.1015
18.2223
18.3869
18.3919
18.887
17.9927
18.7219
18.3422
18.6378
17.9889
18.3171
18.4001
18.7856
17.9496
18.3308
18.1085
18.304
18.1995
18.4136
18.1149
18.4212
18.1133
18.4759
18.3559
18.2747
18.0623
18.5136
18.7609
18.4269
18.2321
18.333
18.0735
18.1146
18.3018
18.619
18.1407
17.5658
18.2543
18.3125
18.6563
18.4992
18.486
18.4875
18.0712
18.0691
18.298
18.1808
18.3869
17.9583
18.3592
17.8352
18.6055
18.1822
18.6371
17.6631
18.6693
18.2146
18.1485
18.5693
18.445
18.1381
18.0759
18.0587
18.1885
17.9361
17.8778
17.8413
18.5044
18.2794
18.1646
18.2408
18.1033
18.0057
18.215
17.9752
18.4176
18.0045
18.0634
18.1273
18.2259
18.1837
17.9966
18.4045
18.4243
18.0644
18.3255
18.4045
18.2959
18.1721
18.0658
18.4957
18.5283
18.2014
17.8621
18.511
18.3804
18.6554
18.2004
18.1859
18.4001
18.2588
18.5178
18.0142
18.0656
18.2958
18.385
18.1812
18.1721
18.1565
17.9458
18.0582
18.2468
18.4114
18.2319
18.6393
18.3756
18.505
17.8209
18.4312
18.281
18.3353
17.8917
18.123
18.2357
18.3834
18.24
18.087
17.9258
18.0679
18.5411
18.2403
17.951
18.504
18.3621
18.0984
17.9669
18.0466
18.4231
18.2128
18.1497
18.0039
17.934
18.7241
17.8862
17.8795
17.75
18.3867
17.8335
18.2671
18.1252
18.2961
18.2968
18.2634
17.9177
18.4573
18.0389
18.0316
18.0313
18.1012
17.8508
17.8804
18.4377
18.1496
18.1097
18.3024
18.2363
17.9327
17.815
18.1367
18.3037
18.6484
18.1211
18.4322
18.5387
18.9023
18.3121
18.5884
18.5116
18.2238
18.4307
18.1722
18.5099
18.413
18.7425
18.3888
18.7252
18.8071
18.1066
18.2991
18.5478
18.8097
18.1587
18.4654
18.4274
18.6257
18.4662
18.5429
18.4512
18.4693
18.4819
18.6787
18.2628
18.223
18.8162
18.2691
18.3622
18.4218
18.4017
18.5344
18.2496
18.5741
18.1242
18.5223
18.3404
17.7624
17.9541
18.369
18.3767
18.3953
17.9268
18.0429
18.5699
18.4664
18.5099
17.9096
18.1736
18.3562
18.4993
18.5678
18.5113
18.0107
18.7375
18.4259
18.7696
17.8642
18.4701
17.8812
18.5813
18.3633
18.2603
18.1664
18.2173
18.3533
18.652
18.3359
18.415
18.3022
18.6976
18.3481
18.0009
17.9936
18.3642
18.3165
18.4514
18.0423
18.1305
18.3691
18.2043
18.6979
18.2399
18.0684
18.0376
18.2727
18.047
18.7591
18.5584
18.4175
18.3298
18.5564
18.7901
18.8813
18.5386
18.4491
18.2686
18.1278
18.4744
18.2878
18.299
18.2871
18.8303
18.5827
18.1509
18.1988
18.4042
18.2279
17.7529
18.3606
18.3
18.3613
18.4657
18.0639
18.377
18.3485
18.289
18.3916
18.3749
18.1743
18.4068
18.4269
18.2998
18.4291
18.0079
18.4902
18.1383
18.4816
18.6639
18.303
17.9573
18.1512
18.0611
18.2985
18.3879
18.3212
18.0806
18.1595
17.874
18.5551
18.041
18.4902
18.2334
18.7496
18.4461
18.2471
17.9478
18.4142
17.8014
17.6944
17.9314
18.204
18.244
18.2326
18.4157
18.22
17.9915
18.2444
18.4134
18.2083
17.9833
18.1259
18.3381
18.2109
18.5748
18.436
18.2259
18.3604
18.2995
18.2868
18.3351
18.1075
18.6528
18.3859
18.3649
18.7953
18.4538
18.382
18.5577
18.4515
17.8691
18.6635
18.1779
18.4894
18.2162
18.145
18.2353
18.2987
18.4386
18.8913
18.3759
18.4771
17.9787
18.6122
18.1804
18.2546
18.1957
18.1168
18.1503
18.6989
17.9782
18.2018
18.4849
18.2214
18.0299
18.4222
18.13
18.5442
18.2202
18.1615
18.3244
17.91
17.9462
18.3079
18.0563
18.3044
18.5325
18.2838
18.8787
18.118
18.3178
18.0936
18.9178
18.2068
18.1486
18.2783
18.2476
18.2932
18.6428
18.4877
18.1669
18.4889
18.5759
18.2976
17.961
17.8963
18.3303
18.5342
18.2431
18.0015
18.2458
18.4267
17.9938
18.1004
18.3536
18.3685
18.4946
18.2512
18.2832
18.4741
18.4776
18.1965
18.6206
18.3827
18.2587
18.5467
18.7839
18.5688
18.2755
18.1122
18.7994
18.3807
18.1516
18.4294
18.3205
18.503
18.5514
18.5841
18.3799
18.2058
18.2631
18.6485
18.5187
18.3813
18.4915
18.4286
18.6535
18.2326
18.4909
18.245
18.3704
18.4504
18.2307
18.3968
18.1145
17.9705
18.2214
18.0295
18.2181
18.3616
18.4368
18.3248
18.2567
18.4392
18.0519
18.1325
18.3247
18.0678
18.5762
18.1631
18.5601
18.3322
18.28
18.3077
18.3396
18.5129
18.4103
18.1874
18.2247
18.3789
18.1037
18.3461
18.5701
18.5104
17.8512
17.9191
18.2768
18.2501
18.5874
18.5564
18.3716
18.2406
18.4665
18.2566
18.5446
18.7021
18.0079
18.4758
18.5015
18.1796
17.9593
18.239
18.464
18.6278
18.3418
18.5688
18.3335
18.6183
18.3865
18.4707
18.2303
17.892
18.1903
18.5115
18.2291
18.2632
18.2453
18.1737
18.3775
18.3467
18.3971
18.2103
17.8724
18.6237
18.3926
18.5682
18.4183
17.9689
18.3216
18.1571
18.6597
18.4011
18.4878
18.5583
18.5461
18.0571
17.9554
18.3401
18.385
18.2568
18.4232
18.2015
18.5082
18.0838
18.2572
18.2699
18.7119
17.9848
18.4407
18.4835
17.7625
18.0208
18.1652
18.486
18.7838
18.2705
18.2129
18.4796
18.0813
18.0829
18.1915
18.2205
18.0449
18.1693
18.7824
17.8626
18.5678
18.5799
18.5275
17.8742
18.1397
18.2907
18.4041
18.4523
18.1479
18.0802
18.4295
17.8116
18.388
18.3514
18.3041
18.5147
18.3801
18.2172
17.6241
18.101
18.2706
18.2122
18.6014
18.478
18.021
18.2681
18.1271
18.133
18.7149
18.2534
18.4408
18.491
18.5495
18.4511
18.3395
18.3821
18.2886
18.424
18.393
18.62
18.7026
18.6257
18.6532
18.3798
17.8362
18.3434
17.9581
18.7888
18.2974
18.5646
18.5851
18.2404
18.1756
18.5795
18.5351
18.8854
18.2915
18.5184
18.4501
18.1208
18.1239
18.5445
17.9463
18.4899
18.5308
18.4925
18.2908
18.8863
18.16
18.162
18.3943
18.3388
18.3236
18.2339
18.5821
18.1664
18.3867
18.267
18.2983
18.4458
18.454
17.9685
18.6239
17.9544
18.5081
18.3879
18.5057
18.7643
18.1639
18.3066
18.0581
18.2698
18.1314
18.3149
18.6116
18.5218
18.5872
18.4402
18.5702
17.9696
18.1612
18.4179
18.4363
18.2515
18.3768
18.0906
18.3739
17.8329
18.4615
17.5922
18.4625
18.3602
18.0416
18.1943
18.3024
18.2186
17.9819
18.1453
18.2344
18.0551
18.1394
18.2853
18.1725
18.1998
18.3876
18.1443
18.4265
18.0366
18.4359
18.2789
18.2573
18.3099
18.4333
18.1969
18.1935
18.3296
18.2103
18.0558
18.0955
18.0638
18.0393
18.1382
17.9735
18.2977
18.1404
18.3641
18.1427
18.2569
18.4074
18.0907
18.0858
18.1115
18.0754
18.4776
18.2737
18.7547
18.3069
18.6936
18.2474
18.1992
18.3549
18.5264
18.315
18.7729
18.2481
18.3837
18.1557
18.1348
17.6421
18.2433
18.4261
18.2518
18.5122
17.9277
18.0042
18.2276
18.3275
18.6027
18.3008
18.0009
18.164
18.0521
18.1258
18.5483
18.4311
18.1878
18.122
18.4857
18.2539
18.3899
18.7065
18.0317
18.418
18.3602
17.906
18.6128
18.2992
18.0549
18.6277
18.4825
18.5486
18.3456
18.1948
18.2541
18.6595
18.3356
17.9095
18.4893
18.1941
18.2912
18.2826
18.2571
18.4545
17.9432
18.2698
18.345
18.7632
17.973
18.388
18.2132
18.4962
18.1648
18.4683
18.4245
18.4085
18.2043
18.6545
18.4808
18.3231
18.1236
18.1075
18.4621
18.5932
18.0757
18.0983
18.6195
18.6097
18.7072
18.9396
18.2498
18.3175
18.2341
18.8901
18.3507
18.2275
18.2508
18.6447
18.4617
18.6954
18.368
18.3315
18.6682
18.7468
18.5494
18.4641
18.5667
17.9851
18.8334
18.0797
18.3032
18.4346
18.2698
18.3086
18.2039
17.5225
17.9654
18.321
18.546
18.3865
17.8335
18.1031
18.461
18.3246
18.3236
18.112
18.2221
18.0675
18.3672
18.4758
18.1567
18.2171
18.4421
17.8469
18.4669
18.3013
18.2554
18.2702
18.1106
17.9326
18.2978
18.41
18.1215
18.6382
18.253
18.5201
18.1448
18.3647
18.3268
18.0447
18.232
18.0913
18.3486
18.3434
18.1794
18.2759
18.2845
18.1531
18.5585
17.8696
17.8094
18.2774
18.2877
17.8375
18.3182
18.3177
18.2971
18.3912
18.3977
18.3643
18.2003
18.1492
18.2851
18.2507
18.4599
18.2389
18.6121
18.1834
18.6143
18.5081
18.4815
18.4363
18.1434
18.172
17.8707
18.6128
18.3488
18.7167
18.4789
18.5734
18.8055
17.9964
18.2583
18.5383
18.2775
18.4955
18.6845
18.7222
18.5613
18.5608
18.1606
18.3225
18.5508
18.6573
18.4588
18.6594
17.9227
18.0809
18.3332
17.9731
18.3411
18.271
18.3727
18.0153
17.9919
17.9362
18.2337
18.2471
18.1614
18.356
17.5805
17.9422
18.0988
18.1223
18.4635
18.0101
17.9662
18.6321
18.3508
18.114
18.3323
17.934
18.1173
18.3153
18.218
17.9478
18.1886
18.0086
18.2488
18.3874
18.2158
18.1091
18.1968
17.979
18.2279
18.413
17.8906
18.7991
18.6507
18.2969
18.5754
18.4538
18.0968
18.3734
18.3083
18.1265
18.3943
19.1086
18.5384
18.3333
18.1595
17.9372
18.4241
18.7362
17.973
18.1064
18.4279
18.0143
18.4483
18.7524
18.374
18.6546
18.4846
18.6913
18.5702
18.4469
18.7542
18.6437
18.4215
18.1549
18.7248
18.3737
18.298
18.3658
18.0504
17.973
18.5451
18.0052
18.0193
18.2089
18.5962
18.0656
18.2938
18.2249
18.1699
18.1176
18.018
18.2946
18.2969
18.1624
18.0804
18.1443
18.4444
18.1646
18.3506
18.3263
18.2818
18.0974
18.1571
17.8032
18.0643
18.0823
18.2049
18.0592
18.3798
18.0488
18.2711
18.4244
18.4239
18.0231
18.4206
18.0197
18.6331
17.895
18.1724
18.215
18.1739
17.9522
18.1176
18.7346
17.8425
17.7133
18.3325
18.1069
17.7364
18.0078
18.9095
18.7602
18.3135
18.4437
17.761
18.6966
18.4645
18.6279
17.9074
18.124
18.4387
17.9166
18.3389
18.3144
18.0792
18.2819
17.9453
17.9489
18.2957
18.6446
18.2308
18.1018
17.8997
18.2084
18.4675
18.6571
18.4678
18.6557
18.0263
18.3457
18.5909
18.0788
18.5856
18.1143
18.2658
18.3168
18.3807
18.4957
18.1993
18.0802
18.2311
17.7979
18.23
18.5229
17.9701
18.4123
18.3736
18.3356
18.5402
18.2959
18.1457
18.172
18.5866
18.4281
18.1273
18.1264
18.6489
18.5881
18.356
17.8725
18.5024
18.0121
18.2816
18.2818
18.1119
18.7284
17.996
18.5207
18.44
18.2515
18.4506
18.5356
18.3877
18.1792
18.5197
18.4447
18.3513
18.9277
17.9558
18.0809
18.288
18.1368
18.3782
18.1552
18.2194
17.8768
18.0324
17.982
17.8348
18.1912
18.0256
18.3636
17.9804
18.1174
18.0022
18.6771
18.0736
18.1839
18.5343
18.6194
18.2239
