1.48176
1.28396
1.34466
1.28337
1.44285
1.23728
1.60781
1.37129
1.72049
1.32791
1.28269
1.01894
1.4187
0.897302
1.45157
1.39846
1.38599
0.669616
1.32974
1.3701
1.615
1.22479
1.40437
1.43187
1.10861
1.24241
1.03418
1.41143
1.49511
1.50131
1.1834
1.59505
1.18587
1.17649
1.35661
1.15711
1.34815
0.796395
1.3984
1.22785
1.37038
1.55827
1.3134
0.89946
1.25365
0.989874
1.36295
1.3939
1.20009
1.30674
1.29261
1.13987
1.4356
1.27091
1.10921
1.19473
0.837693
0.824409
1.17269
1.73906
1.51249
1.19987
1.28706
1.36843
1.61691
1.15468
1.22553
1.46514
1.79799
1.49782
1.04348
1.13118
1.29468
1.42059
1.15938
1.31123
0.901638
1.24216
1.70238
1.0731
0.903698
1.28876
1.49068
1.14563
1.10682
0.93518
1.36139
0.993819
0.95076
1.52475
1.32348
1.40231
1.26109
0.958687
1.44556
1.07402
0.944127
1.08751
1.36185
1.5219
1.65413
1.13563
1.22468
1.08902
1.1313
1.16658
1.00804
1.2087
1.42515
1.60598
1.59128
1.32639
1.40395
1.17018
1.12943
1.52337
1.66406
1.60115
1.53358
1.02044
1.73472
1.44586
0.972558
1.75236
1.56225
1.66697
1.45992
1.529
1.48845
1.18965
1.29488
1.1333
1.50399
1.24605
1.07378
1.30806
0.89735
1.56048
1.54756
1.58106
1.56408
0.769557
1.64246
1.70393
1.42356
1.70012
1.14385
1.57528
1.63159
1.3735
0.808618
1.63803
1.35033
0.740318
1.38292
1.46499
1.45671
1.45328
1.42902
1.40737
1.29298
1.03181
1.55553
1.52202
1.49365
1.33076
1.29856
1.00355
1.40799
1.29631
1.43797
1.47339
0.896592
1.65086
1.34061
1.7627
1.35678
0.95013
1.30069
1.70394
1.71363
1.44891
1.30659
1.01206
1.30677
1.0612
1.28299
1.59761
0.850415
1.40063
1.5325
1.33948
1.34036
0.953278
1.80922
1.44903
1.38739
1.30758
1.65261
1.24607
1.3319
1.24416
1.22774
1.49236
1.0631
1.29835
1.62157
1.4801
1.21707
1.19965
1.68562
1.25778
1.13802
1.45231
1.45794
1.36608
1.52888
1.66987
0.842873
1.14728
1.4089
1.08353
1.53286
1.05433
1.19337
1.5306
1.63861
1.48576
0.969386
1.23287
1.3746
1.02894
1.10524
1.13885
0.584155
1.16501
1.156
1.61953
1.35741
1.43542
1.25626
1.63696
1.15156
1.75536
0.928756
1.392
1.05718
1.33683
0.971037
1.60103
1.02212
1.3092
1.14023
1.21139
1.3026
1.4386
1.84606
1.55052
1.64865
1.8315
1.40359
1.35524
1.43224
1.46667
1.5202
0.860746
1.46942
1.23321
1.39567
1.04766
1.55092
1.61847
1.12695
1.69388
1.38269
1.36452
1.84055
1.10857
0.846384
1.59112
1.48999
1.25199
1.25458
1.19691
1.47446
1.32151
0.760906
1.03818
1.31248
1.46086
1.50621
1.34646
1.53798
1.26412
1.18646
1.61925
1.13425
1.36137
1.29265
1.51038
1.06428
1.53031
1.41443
1.25982
0.903399
0.953707
1.10344
0.958962
1.43854
0.695498
0.792816
1.15084
1.23136
1.45728
1.2891
1.11865
1.64412
1.15167
1.34282
1.08386
1.21747
1.18246
1.22434
1.29722
1.1936
1.42065
1.06295
1.21038
1.09671
1.31706
1.27465
0.996533
0.935987
1.19975
1.41593
1.2481
1.00784
1.25145
1.18297
1.29036
1.69437
1.35464
0.745692
1.43723
0.884694
1.24392
1.21019
1.25223
1.1488
1.68882
1.10346
1.18012
1.28597
1.10023
1.48995
1.1657
1.07913
1.01178
0.60928
1.30367
1.62367
0.882427
1.31414
1.02537
1.11673
1.02638
1.66971
1.57811
1.10983
1.56508
1.22923
1.12145
1.523
1.34104
1.27662
1.15638
1.59588
1.60466
1.258
1.10995
1.44274
1.15201
1.41426
1.27497
1.21925
1.36229
1.51442
1.36287
1.35833
1.13238
1.46625
1.31903
1.16972
0.797365
1.26305
1.23839
1.55239
1.34692
1.24838
1.05607
1.13045
0.375885
1.13547
1.60475
1.29209
1.42288
1.66476
0.881488
1.55796
1.39821
1.02334
1.40328
1.31117
1.17822
1.2974
1.44197
1.28844
1.31395
1.26368
1.48967
1.73966
1.15083
1.34488
1.19302
0.942543
1.56803
1.20605
1.62469
1.5119
0.953281
1.56313
1.56151
1.16335
1.68073
1.1191
1.76731
1.44748
1.18763
1.18473
1.53345
0.842504
1.08907
1.0965
1.37282
1.49131
1.22127
1.38276
0.765429
1.24962
0.635447
1.05587
1.09398
1.30091
1.01292
1.19574
1.42215
1.24518
1.2681
1.35867
1.4917
1.16408
1.46465
0.951841
1.67361
1.38049
1.16169
1.33239
1.5219
1.51816
1.62953
1.14277
1.42307
1.62017
0.593367
1.13016
1.44516
0.997791
1.62073
1.53005
1.13112
1.5197
0.988816
1.4286
1.24435
1.56625
1.41512
0.834617
1.41553
1.19622
1.14115
0.957631
1.33642
1.06103
1.29915
1.3086
1.44273
1.1633
1.41452
1.48858
1.3413
1.38136
1.17396
1.52772
0.931182
0.93161
1.25508
1.24713
1.50196
1.29861
1.20625
1.32765
1.53192
1.27204
1.36729
1.17077
1.01529
1.11819
1.476
0.917585
1.19353
1.02565
1.28881
1.31766
1.14036
1.53854
1.27887
1.40323
1.251
1.52964
1.13584
1.13847
1.08165
0.930299
1.34018
1.30834
1.06713
1.10982
1.37798
0.671923
1.432
0.886324
1.49285
1.22411
1.41099
1.54645
1.00396
1.16496
1.50686
1.05366
0.910016
1.5423
1.62375
1.30594
1.34572
1.38802
0.997921
1.21309
1.29422
1.23031
1.38209
1.24867
1.17667
1.29195
1.24571
1.38638
1.26303
1.03517
1.19598
1.52887
0.936932
1.06039
0.91665
0.944271
1.21472
0.928573
1.24409
1.12616
1.01115
1.00798
1.502
1.36784
1.28125
1.11536
1.61364
1.46396
1.40815
1.09992
1.25642
1.30019
1.10892
1.18093
1.24789
1.13577
0.823293
0.930036
1.44409
1.22305
1.05324
1.54677
1.13399
1.72352
1.32774
1.2581
1.03439
1.12275
0.759225
0.83757
1.14311
1.22107
0.802271
1.05188
1.14511
1.36181
1.41111
1.14819
1.13027
0.892899
1.24033
1.15532
1.37017
1.15018
1.24237
1.47234
1.32833
1.13611
1.30018
1.09394
1.14613
0.886369
1.45268
0.905523
1.64373
1.34358
1.24795
1.56973
1.02835
1.40218
1.37728
1.36154
1.18654
0.993917
1.51486
1.34289
1.12049
0.972631
0.733794
1.46056
0.806715
1.68138
1.36145
1.39531
1.59259
0.819524
0.929153
1.45553
1.6668
1.19153
1.1452
1.04835
1.35806
1.35495
1.23445
1.52366
1.01308
1.12964
1.43919
1.47202
1.11608
0.938526
1.55928
1.19469
1.00751
1.00668
1.06939
1.00388
1.08434
1.50492
1.28107
1.20948
1.08801
1.11408
0.997069
1.63238
1.27075
1.267
1.56623
1.1821
1.56659
1.10256
0.920885
1.51208
1.37806
1.13039
1.21796
1.34177
1.50404
1.25911
1.51168
1.39924
1.46504
1.05021
1.15736
1.46875
0.801728
1.22483
0.892395
1.327
1.57093
1.21951
1.72548
1.54042
1.44717
1.56637
1.34984
1.51719
1.29625
1.03342
0.643595
1.32601
1.34774
0.934379
1.07259
1.58081
1.10676
1.19697
1.04882
1.34905
1.20528
1.28934
1.44513
1.12089
1.13745
1.13949
0.467779
1.03805
1.28031
1.62347
1.42186
1.0338
1.22181
1.18202
1.43985
1.32212
1.29402
1.2999
1.42999
1.53237
1.2896
1.44629
1.37584
1.44319
1.27661
0.989067
1.43611
1.29666
0.882612
1.15494
1.20005
1.16262
1.23221
1.35851
1.44183
1.41085
1.20096
1.12236
1.19368
1.62574
1.54287
1.38745
1.10237
1.08831
0.920192
1.32529
1.55784
1.44899
1.61465
1.66687
1.15211
1.4835
1.12842
1.09821
1.24953
1.13
1.07379
1.26576
1.39229
1.59919
1.3827
1.33257
1.41225
1.71991
1.37945
1.13614
1.17391
0.826093
1.15728
1.11407
1.59875
1.77829
1.06511
1.72295
1.72725
1.44213
1.6803
1.42619
1.48419
1.33012
1.26967
1.20773
1.36636
1.08818
0.916693
1.25307
1.39801
1.48546
1.08721
1.52047
1.36306
1.44416
0.938902
1.35091
1.32143
1.33091
1.14784
1.11149
1.45439
1.00631
1.26798
1.34348
1.5303
1.12479
1.42135
1.19452
1.62116
1.53279
1.20602
1.49264
1.81429
1.30543
1.48564
1.53056
1.51945
1.6399
0.669527
1.22034
1.63595
1.09443
1.33182
1.54986
1.34565
1.68697
1.02456
1.55593
1.47148
1.61064
1.18055
1.59326
1.57453
1.18379
1.21738
1.22538
1.26825
1.3002
1.7378
1.70472
1.64892
1.26503
1.24974
1.24729
1.21954
0.897047
1.64827
1.3214
1.52451
1.3505
1.12513
1.74126
1.2259
1.1607
1.34216
1.51221
1.23156
0.910712
1.46777
1.00727
1.35698
1.24268
1.24079
1.37121
1.24806
1.50948
1.7298
1.18639
1.45706
1.37233
1.35643
1.22438
1.28113
1.20427
1.48714
1.32052
0.947068
1.61154
1.59143
1.62683
0.909815
1.29504
1.49671
1.37703
1.13708
1.20844
1.42686
1.38534
1.3512
1.02765
0.974169
1.58341
1.45327
1.45573
1.54422
1.22389
1.57084
1.49421
1.67906
0.999417
1.16178
1.23736
1.65005
1.16116
1.28798
1.72801
1.54678
1.65547
1.24346
1.41468
1.37726
0.879688
1.43291
1.38096
1.58324
1.39294
1.11817
1.83959
1.25321
1.30646
0.92343
1.29973
1.2422
0.917416
0.744657
1.30186
0.97697
1.0759
1.10318
1.12622
1.31794
1.01095
1.47612
0.984859
0.54561
1.51636
1.36071
1.08667
0.718086
0.81552
1.00095
1.03906
1.37676
0.967887
0.839191
1.1946
0.81428
1.13105
0.876774
1.25143
1.20575
1.13868
1.06024
0.997546
0.934519
1.1585
1.25171
1.3062
1.23814
1.38534
1.17033
0.907164
0.916542
1.3277
1.46813
1.06238
1.05988
1.10078
1.26715
0.929167
1.29405
1.31385
1.16887
1.3181
1.63278
1.2354
1.37855
1.02245
0.983458
1.07806
1.06029
1.42633
1.25566
1.10678
1.00333
1.3535
1.43393
0.865765
1.49643
0.865925
1.07217
1.47795
1.16851
1.18065
1.09628
1.42216
0.908021
1.09838
0.915462
1.20974
0.541933
1.00946
0.868474
1.28156
0.807047
1.27878
1.38487
1.35852
0.975295
1.23785
1.41835
1.18101
1.30153
1.58748
1.12955
1.12477
1.33975
1.26094
1.73839
1.3524
1.72404
1.38141
0.852228
1.68434
1.60982
1.32592
1.2303
1.33498
1.24655
1.47857
1.70971
1.27625
1.06718
1.07797
1.37023
1.36978
1.25591
1.41782
1.33118
1.41878
1.24232
1.21666
1.27361
1.13104
1.43219
1.514
1.30336
1.44753
1.42996
1.03213
0.892142
1.55894
1.67615
1.32002
0.777859
1.38034
0.790418
1.6113
1.31024
1.2759
1.31307
1.57771
1.90108
1.20215
1.43618
1.52745
1.29639
1.06674
1.41089
1.75363
1.65322
0.997646
1.3403
1.21551
1.46592
0.945057
1.51934
1.27249
1.18579
1.33201
1.36871
1.28181
1.12128
1.30221
0.795617
1.22108
1.17725
1.19119
1.01617
1.29044
0.745807
0.973166
0.941214
1.58523
1.17407
1.39004
1.10267
0.986436
0.672206
1.12742
1.3086
1.58231
1.17306
1.17591
1.28232
1.69601
0.968938
1.3249
1.44664
1.12529
1.21697
1.37888
1.23135
1.46553
1.24818
1.2292
1.22793
1.15678
1.65186
1.1197
1.01534
1.21777
0.951108
1.34062
1.35206
1.14781
1.55531
1.02781
1.16671
1.21244
1.11691
0.868975
1.6004
1.08388
1.37722
1.00707
1.0057
1.51532
1.53711
1.32842
1.52784
0.874959
0.932613
1.30935
1.60666
1.23399
1.06321
0.892164
1.27996
1.43291
0.844623
1.16189
1.38271
1.61385
1.04543
1.39508
1.06629
1.31278
1.3772
1.4694
0.891716
0.983432
1.33242
1.33345
1.20386
1.03236
0.737841
1.3491
1.45704
1.06893
1.32332
1.25703
1.18478
1.13133
1.51668
1.14146
1.47401
1.25009
1.23901
1.22035
1.32106
1.02938
1.01779
1.0761
0.988783
0.945349
1.17211
1.33078
1.57655
1.33101
1.32128
1.24618
1.05355
1.34813
0.936402
1.03774
1.08117
1.1096
1.4513
1.09129
0.781206
1.28921
1.458
0.990604
1.60027
1.26187
0.942157
1.09326
1.23073
1.04771
1.19721
0.77194
1.14181
1.00695
1.37091
1.20137
1.15718
0.731441
1.10404
1.52266
1.15222
0.975526
0.860148
1.52991
1.32152
1.13605
1.38094
1.25926
1.14215
1.26637
1.04282
0.847332
1.23099
1.13892
1.12681
0.96449
0.623378
1.1132
1.31283
1.29927
1.15806
1.53148
1.33364
1.11108
1.5888
1.46568
1.16086
1.09702
1.45437
0.892316
1.48355
1.16871
1.00942
0.9285
1.27019
1.39525
1.66002
1.43932
1.17436
1.31637
0.911739
1.14451
1.27997
1.0119
1.32612
1.17255
1.33202
1.04622
0.722997
1.07484
0.797591
1.03914
1.20105
1.00611
0.890688
1.03103
1.35007
0.879729
1.0656
1.19758
0.779619
1.26442
1.05113
0.976591
1.14073
1.02054
1.16854
0.89941
0.994868
1.19268
1.0544
0.839274
0.858767
0.627033
1.08836
1.00986
0.899211
1.15724
0.957165
0.971355
1.02537
0.999476
0.812733
1.3324
0.839138
1.25049
0.890372
0.680156
1.23348
1.11317
1.12295
1.07918
0.828799
0.798817
1.34406
1.16923
1.13696
0.986549
0.785995
1.1167
1.19598
0.864035
0.918464
0.92037
1.28328
1.019
0.881032
0.849854
1.06641
1.03256
0.974444
1.09075
1.08617
1.05099
1.24
0.804464
0.762013
1.08444
1.05885
1.09835
1.00435
1.18627
1.25106
0.912671
0.752023
1.42426
0.802138
1.25784
1.08563
1.04722
1.16736
1.10961
1.14022
1.03463
0.914199
1.05863
1.18805
1.4277
0.993321
1.17588
1.39255
0.878382
1.58688
0.913418
0.933636
1.33472
1.36987
1.12054
0.64685
0.715783
1.16042
0.974334
1.28597
1.38223
1.05443
1.14412
0.797939
0.954504
0.777012
1.12671
0.913943
1.18933
1.21389
1.24141
1.13961
1.27033
0.933061
1.4079
1.35997
1.3596
1.19026
0.759174
1.28564
1.33436
1.44225
1.26389
1.14982
1.0072
1.45065
0.754355
1.14677
1.29718
1.04439
1.09783
1.33985
0.988854
1.27529
0.852367
1.09055
1.14368
1.02435
1.14686
1.05987
1.31817
1.11223
1.31993
1.3859
1.26347
1.26995
1.19798
1.31331
1.44202
1.0512
1.35545
1.14662
1.66868
1.13812
1.04743
0.958405
1.36798
0.799443
1.09375
1.10264
1.35101
1.13916
1.42088
1.35341
1.3702
1.0442
1.08197
1.72084
1.1432
1.26887
1.58415
0.812166
1.60675
1.40404
1.11514
1.45729
1.35242
1.27645
1.31783
1.45243
1.30069
1.18692
1.21592
1.55117
1.72081
1.00556
1.31144
1.18677
0.939949
1.5366
1.05835
1.52447
1.48881
1.08866
1.63734
1.51973
1.07477
1.6601
1.08964
1.79455
1.46498
1.06555
1.19759
1.4501
0.889338
1.11064
1.12788
1.36966
1.54168
1.23361
1.17098
0.826158
1.05681
0.724978
0.863368
0.959009
1.13368
0.833558
1.14473
1.35808
1.23883
1.18171
1.22827
1.40091
1.14032
1.45822
1.07337
1.70372
1.24706
1.24351
1.36034
1.43173
1.54979
1.65547
1.07266
1.43588
1.61267
0.753884
1.22455
1.47764
1.01296
1.59585
1.55806
1.12203
1.48929
1.13447
1.43609
1.24722
1.43861
1.45976
1.12403
0.941585
1.13172
1.19199
1.71424
1.24294
0.847951
1.7811
1.31639
1.58927
1.02853
1.30614
1.14195
1.34382
1.3891
0.872449
1.40012
0.81487
1.23467
1.2762
1.0432
1.37929
1.1359
0.919334
1.23758
1.17843
1.33924
1.07543
1.31678
1.10266
1.23642
1.59495
1.58996
0.792121
0.846594
1.09204
1.25278
0.812064
1.14958
1.35272
1.26234
1.21794
0.986824
1.19581
1.18196
1.32598
1.29368
1.11122
1.13488
0.944005
1.09506
1.33944
1.14544
1.53352
1.21754
1.01516
0.781103
1.6934
1.50495
1.24025
1.30005
1.19974
1.09416
1.54287
1.43275
1.12367
1.03253
1.26053
1.28035
1.09098
1.13941
1.05209
0.950367
1.29714
1.0193
0.85289
1.10159
1.39108
1.37712
1.27023
1.08691
1.37032
1.36796
1.56474
1.31257
1.44
1.37604
1.04316
1.41725
1.24226
1.4233
1.42279
1.3744
1.11779
1.51295
1.33959
1.01231
0.967809
1.38548
1.19278
0.983165
1.44281
1.26638
1.54943
1.51658
1.2207
0.949047
1.06914
0.987795
1.55883
1.3956
1.32724
1.28557
1.24028
1.23629
1.38604
1.35151
1.48372
1.27958
1.01881
0.82983
1.24003
1.72372
1.63116
1.53264
1.3522
1.6637
1.95638
1.42031
1.43657
1.53868
1.77387
1.42799
1.10152
1.32676
1.35937
1.37828
1.21347
1.35526
1.27577
0.931688
1.90335
0.938764
0.920711
1.40398
1.52664
1.11777
1.19573
1.04616
1.09979
1.30977
1.02931
1.58104
1.22974
1.19897
1.15657
1.29311
1.20452
1.22562
1.18024
1.32059
1.21335
0.449805
1.42656
1.04713
1.54005
1.40085
1.21134
1.57027
1.36439
1.1944
1.30935
1.40562
1.00687
1.04219
1.36468
1.42626
1.26323
1.02944
1.26096
1.15828
1.3283
1.38278
0.991285
1.23936
1.22981
1.34049
1.44325
0.977061
1.35612
1.48124
1.14508
1.81514
1.28017
0.789779
1.30171
1.07322
1.33575
1.35667
0.980083
1.11878
1.54709
1.46982
1.0587
1.26911
0.734562
1.6022
1.38944
0.949336
0.879502
0.623297
1.25997
1.45505
0.960343
1.29362
1.02139
0.885808
1.21764
1.33408
1.49951
1.0032
1.68501
1.21207
1.21005
1.20985
1.60366
1.54986
0.83625
1.44085
1.35208
1.3199
1.29694
1.58981
1.12326
1.3349
1.36667
1.21339
1.16909
1.54915
1.21419
1.40654
0.94569
1.18187
1.12041
1.52055
1.39948
1.15562
1.68279
1.33276
1.44904
1.3576
1.40865
0.964926
1.13024
1.29604
1.27412
1.19232
0.887401
1.26057
1.28548
1.37685
1.42116
1.04005
1.02023
1.06196
1.3464
1.39843
0.79613
1.38922
1.26183
1.15887
1.77368
1.30914
0.757864
1.21628
0.958395
1.3202
1.26542
1.07921
1.18037
1.47384
1.52423
0.858171
1.33828
0.712882
1.7022
1.36515
0.961014
0.792775
0.76078
1.25873
1.3931
1.13912
1.41294
0.990694
0.813539
1.17883
1.4205
1.55924
0.944679
1.60535
1.21505
1.05715
1.11387
1.6383
1.41404
0.858864
1.31002
1.3149
1.44074
1.39572
1.41316
1.12408
1.29326
1.2524
1.17121
0.977251
1.54106
1.21763
1.27647
0.736307
1.3858
1.44732
1.15209
1.21773
1.71079
1.09114
1.98361
1.34212
1.14855
1.36898
1.49037
0.939519
1.04927
1.29103
1.20602
1.02042
1.43152
1.3858
1.32493
1.28765
0.651234
1.08178
1.4746
1.30277
1.11963
1.41782
0.657356
1.6477
1.39942
1.35788
1.10167
1.56927
0.912071
1.33601
1.12535
1.74289
1.26062
1.72628
1.24273
1.04767
1.8125
1.2843
1.71516
1.26616
1.35632
1.16794
1.2365
1.52345
1.5128
1.47015
1.44789
0.889631
1.57123
1.16839
1.85351
1.70361
1.42314
1.44291
1.36259
1.05441
1.5294
1.47056
1.03542
1.57137
1.51408
1.64323
1.67041
1.55239
1.26299
1.30903
1.21525
1.30003
1.61576
1.20503
1.40555
1.60866
1.13833
0.966417
1.50815
1.16027
0.940775
1.20064
1.33198
1.27589
1.19301
1.15162
0.837414
0.886454
0.900535
1.37908
1.11378
1.05234
0.87737
0.99078
0.755477
1.42936
1.15096
1.46329
1.13818
0.710491
1.31276
1.26492
1.01295
1.52018
1.03404
1.52956
1.16023
1.01107
1.10606
1.43921
1.04114
1.11959
1.02443
0.911862
1.35758
1.27206
1.06243
1.09208
0.708764
0.904866
1.22942
0.932852
1.14491
0.895356
1.21635
0.977909
1.20908
0.897397
0.899606
1.39069
1.09859
1.14808
0.901481
1.452
1.33268
0.919761
1.13909
1.06486
1.56097
1.53433
0.773577
1.16714
1.07814
0.965011
1.14836
1.41183
0.731191
1.17245
1.37482
1.29507
0.964978
0.899318
1.27811
1.08202
1.02619
1.56283
1.20438
1.50092
1.01774
1.31239
1.83819
1.47719
1.7497
1.4724
1.11056
1.57536
1.57993
1.37474
1.3092
1.53394
1.66392
1.42097
1.31672
1.44263
1.26026
1.40715
1.53835
1.5114
1.48102
1.51722
1.32425
1.5582
0.687869
1.42611
1.6449
1.32035
1.17791
1.37652
1.51192
1.52095
1.756
1.54142
1.51759
1.5414
1.35738
1.71115
1.39278
1.42653
1.15829
1.53286
1.48402
1.42593
1.61177
1.53211
1.53221
1.4897
1.63233
1.30675
1.42766
1.34636
1.64307
1.17054
0.978216
1.31478
1.37094
1.41234
1.80234
1.5048
1.9558
1.53361
1.61935
1.65563
1.33906
1.66672
1.56201
1.68856
1.55427
1.17681
1.59497
1.10287
1.35603
1.03364
0.964194
0.979689
1.45873
0.819001
0.760106
1.25343
1.54816
1.14811
1.27307
1.12354
1.2925
0.832883
1.22435
0.737125
0.847785
0.922476
1.13633
1.39223
1.24851
1.33428
1.25362
1.35639
1.00303
1.78342
0.918371
1.09487
1.00302
1.34502
1.11382
1.30593
1.11057
1.33455
1.06449
1.12784
0.933831
1.10942
1.68345
1.37803
1.33485
1.4779
1.07434
1.2778
1.30931
1.19175
1.3329
1.21091
1.40738
0.945007
1.6126
1.26279
1.29096
1.29558
1.28942
1.41095
1.42345
1.37157
1.52336
1.01089
1.12037
1.50295
1.61808
1.19695
1.16233
1.3376
1.06643
1.14588
0.574959
0.992756
1.44542
1.17068
1.27092
1.1653
1.17214
1.14431
1.41996
1.13946
1.11953
0.918138
0.872696
1.07983
1.0866
1.13529
0.884613
0.996991
0.879805
0.841601
1.05362
0.846789
1.1925
1.08569
1.05399
0.885478
0.787938
0.909122
1.08582
1.00598
1.16366
0.986285
1.21898
1.03696
0.823618
0.788664
1.25016
1.15136
0.814501
0.926647
1.10345
1.07609
0.972211
1.12793
1.00239
1.07949
1.05977
1.34007
1.04581
1.18366
1.09791
0.968855
0.857603
1.15661
1.32183
1.26031
1.06209
0.910758
1.2305
1.14157
0.993811
1.15718
0.735429
0.738076
1.25365
1.02371
0.964805
1.08263
1.14327
1.04937
0.862166
0.832259
0.971941
0.449765
1.1428
0.757274
1.00868
0.837694
0.984189
1.24972
0.980294
0.947119
1.00622
1.39194
1.49843
1.33588
1.40348
1.80937
1.13725
1.80091
1.50365
1.52282
1.3061
1.31374
1.16717
1.18037
1.1481
1.77873
1.65284
1.2631
1.68383
1.48496
1.51468
1.53546
1.84068
1.21435
1.00525
1.39805
1.71598
1.46465
1.1253
1.50673
1.27624
1.11632
1.22747
1.56545
1.43743
1.64638
1.47296
1.37443
1.57547
1.07952
1.34954
1.63612
1.62684
1.57865
1.46226
1.36125
1.18565
1.92369
1.70904
0.949569
0.826196
1.60504
1.72525
1.60021
1.54707
1.33632
1.41935
1.60304
1.60535
1.63403
1.54331
1.18566
1.59419
1.49587
1.52364
1.13876
1.50076
1.59636
1.56159
1.15729
0.968002
1.1197
1.53914
1.45892
1.41976
1.27788
1.42735
1.65338
0.850377
1.21357
1.49377
1.15417
1.14271
1.16391
1.26213
0.871673
0.942554
1.15034
1.36613
1.20742
1.45957
1.13677
1.42199
0.938405
1.54671
1.10675
0.933897
1.08501
1.50864
0.716584
0.778332
0.980227
1.29287
1.0974
1.32198
1.33347
1.20718
1.52407
1.33743
1.44862
1.18803
1.06647
0.891557
1.32847
1.45677
1.55931
1.14342
1.28129
0.984523
1.51922
1.247
1.32884
1.11245
1.28156
1.52378
1.29212
1.02197
1.38683
1.17689
0.991755
1.56571
1.32057
1.69181
1.15084
1.38117
1.28805
1.37011
1.14974
1.27156
1.28573
1.49098
1.00751
1.08186
0.867496
1.27605
1.45504
1.4567
1.51465
1.30118
1.65159
1.72507
1.5478
1.46302
1.39567
1.41013
1.29844
1.4618
1.21092
1.76933
1.59644
1.28607
1.62208
1.62927
1.52335
1.92991
1.28583
1.78612
1.07167
1.31378
1.29444
1.61283
1.42904
1.47754
0.972782
1.50864
1.49073
1.41126
1.63353
1.22817
1.353
1.44188
1.70136
1.30416
1.40015
1.28022
1.09422
1.41686
1.26463
1.60686
1.66403
1.25447
1.58808
1.01089
1.35359
1.19813
1.81056
1.21804
1.46525
1.52213
1.38766
1.75739
1.43656
1.69066
1.55899
1.07782
1.34243
1.72307
1.09718
1.55112
1.48392
1.4557
1.50853
1.40842
1.42982
1.56887
1.52208
0.653869
1.15599
1.42813
1.4877
1.19258
1.12472
1.26924
1.01507
1.12889
0.847407
1.20643
1.16088
1.11649
1.2779
1.34175
0.997595
1.22289
1.15235
1.17982
1.64738
1.28301
1.47977
0.872418
1.32258
1.38985
1.57885
1.26827
1.29525
1.12493
1.3366
0.740891
1.29951
1.4449
1.43639
1.22847
1.55951
1.18175
1.53962
1.17573
1.26646
1.39057
1.16113
1.48926
1.23978
1.50353
1.10657
1.63103
1.52573
1.27867
1.36942
1.38847
1.38038
1.69835
1.01575
1.1777
1.29084
1.768
1.10693
1.1258
0.931127
1.08865
0.991593
1.08459
0.844912
1.31206
1.1596
1.55585
1.36116
1.43128
1.22953
1.23459
1.34676
1.19748
1.30252
0.900564
1.2586
0.785674
1.17122
0.983299
1.15446
1.11933
1.02791
0.965699
1.3442
0.803415
1.19549
0.957536
1.05585
1.61723
1.05169
1.09262
0.938081
1.48522
1.38241
1.50938
1.34745
1.41575
1.04709
1.41514
0.697611
1.21696
1.51373
1.33227
1.29206
1.44392
1.14055
1.45721
1.30815
1.31248
1.17952
1.39284
1.39423
1.17197
1.59851
1.30141
1.44363
1.43912
1.25715
1.2156
1.30935
1.18213
1.43509
0.818975
1.09814
1.45789
1.7544
1.21401
1.30722
1.09491
1.04174
0.961562
1.06832
0.838543
1.5305
1.02696
1.41977
1.36433
1.16157
1.04055
1.37184
1.24148
1.28944
1.01578
1.25247
1.2427
1.2206
1.17839
1.6245
1.41198
1.44329
1.03382
1.00093
1.108
0.889937
1.38228
1.3274
1.37291
1.69549
1.38413
1.08572
1.3085
1.43375
1.28901
1.39451
1.0701
0.895545
1.31647
1.51776
1.24343
1.29611
1.0682
1.45542
1.62079
1.08759
1.36305
1.13335
1.50961
1.45238
1.30503
1.39118
1.02842
1.45556
1.29002
1.41744
1.19231
1.16607
1.7611
1.16897
1.15788
1.15536
1.73695
1.53123
0.667653
1.32941
1.00241
1.30577
1.24347
1.25571
1.08517
1.20301
1.22185
1.32265
0.787999
1.28576
1.0811
1.19436
1.08564
1.28828
1.41377
1.18752
1.20319
0.901602
1.18419
1.20192
1.53983
1.33716
1.40693
1.24135
1.17194
1.45165
1.514
1.19696
1.78522
0.84621
1.7896
1.31659
1.12199
1.17732
1.51665
1.54966
1.25197
1.33431
1.29456
1.81629
1.33897
1.3012
1.38207
0.728697
1.38353
1.46507
1.3735
1.2544
0.815255
1.21052
0.948924
1.2438
1.07601
1.26008
1.09881
1.10326
1.4713
1.60541
1.43131
1.46544
0.831222
1.2148
1.41445
1.64461
1.62032
1.11928
1.37471
1.34278
1.38538
1.25949
1.83911
0.717667
1.46106
1.57529
1.55678
1.18209
1.36415
1.80541
1.55857
0.981373
1.30701
1.28203
1.09441
0.882394
1.08218
1.16917
1.23859
1.15516
1.23732
1.08441
1.00885
1.34926
1.20412
1.11629
1.1331
1.31068
1.24982
0.965849
1.13321
1.51488
1.11779
0.817675
1.06927
1.41959
0.922965
1.54164
1.3616
1.06269
1.4586
0.972045
1.24411
1.0104
1.06441
0.967119
1.21331
1.53689
1.23698
1.36732
0.867777
0.730708
1.62868
1.19907
1.35463
1.00402
1.54805
1.30797
1.08643
0.913414
1.09269
1.4621
1.23355
1.34854
1.16023
1.55512
1.28436
1.38849
1.40767
1.16669
1.224
1.44953
1.48258
1.25493
0.781902
1.33228
0.726601
1.05214
1.20213
1.20525
1.03732
1.11529
1.25856
1.23125
1.48049
1.00496
1.25522
1.06078
1.14506
1.1091
1.5227
1.04778
1.33285
1.3323
1.5377
1.08831
1.11576
1.07267
1.44357
0.743536
1.36446
1.15324
1.43085
1.36655
1.4318
1.59295
1.39549
1.5601
1.68589
1.51301
1.3704
1.27068
1.51602
1.41711
1.03066
1.4027
1.24799
1.24882
0.623882
1.82318
1.60101
1.15721
1.62247
0.92864
0.906367
1.74268
1.45433
0.760617
1.30945
1.07951
1.28243
1.30296
1.0204
1.39312
1.06559
1.17985
1.10115
1.20356
1.22078
1.25871
1.56743
1.38985
1.14425
1.29418
0.821587
1.15704
1.22967
1.28986
1.38646
1.22627
0.902034
1.20172
0.913616
0.991932
1.30374
1.28167
1.44687
1.22428
1.15318
1.0421
1.3519
1.42512
1.70914
1.40982
1.26014
0.876429
1.33283
1.42366
1.26658
1.67082
1.0901
1.66539
1.85189
1.2898
1.42688
1.38362
1.52193
1.03048
1.35463
1.34858
1.16214
1.36523
1.2948
1.31127
1.52581
0.984646
1.5947
1.10739
1.07288
1.22455
1.39823
1.21124
1.17692
1.39293
0.719486
1.53832
1.21607
1.39464
0.985191
0.91918
0.969819
1.54081
0.65967
1.46877
1.34275
1.32292
0.690909
1.1619
1.04719
1.13277
1.17217
0.790509
0.935265
0.99546
1.16905
1.30882
0.91054
0.87011
1.13604
0.960212
1.3439
1.2533
0.534936
1.06053
1.04138
1.07916
0.971732
0.909047
1.16931
1.12973
1.36338
0.624371
0.945564
0.788639
1.20104
0.968205
0.638397
0.69887
1.04246
1.21936
0.991757
1.22315
1.21991
1.13139
0.922978
0.98763
1.27638
1.2089
1.25764
0.862148
1.18568
0.828605
0.98934
1.22305
1.05039
0.99091
1.08149
1.29594
1.02567
1.11509
1.09732
0.980129
1.35063
0.977391
0.679518
1.11005
1.30132
1.0859
0.863849
0.825525
0.936667
0.803075
0.957161
1.09606
1.05922
1.11747
0.979475
1.144
1.26501
1.11199
1.21265
1.2977
1.04034
0.993234
0.948535
1.18895
1.15802
1.34451
0.923199
1.32837
0.887944
1.43915
0.953903
1.13126
1.56885
0.985369
1.23709
1.40489
1.21374
1.18164
1.04599
1.20258
0.897998
1.07283
0.938876
0.859849
1.36131
0.916532
1.32541
1.34705
1.2651
1.28015
0.873628
1.04129
1.39923
1.16492
1.06294
1.30332
1.29119
1.09842
1.20519
1.1012
1.42426
0.73587
0.80008
1.16159
1.48011
1.01331
1.05504
1.49111
1.20789
0.818583
1.10009
0.970308
1.16389
1.31373
1.26329
0.995251
1.12161
1.07444
0.979622
1.36203
1.15007
1.14647
1.33022
0.841817
1.41378
1.19825
1.29418
1.10133
1.01343
0.562227
1.39763
1.35028
1.33811
1.26142
1.06066
1.10226
1.41392
1.07908
1.18436
1.11547
1.65313
1.27424
0.7323
0.610655
1.00837
1.35973
0.798966
1.42866
1.14651
1.3584
1.38485
1.01442
1.01931
1.41591
1.2615
1.05313
1.0337
1.16828
1.21186
0.93719
0.610342
1.59684
1.08808
1.22557
1.22507
1.06486
1.40064
1.20515
1.22318
1.2529
1.14981
1.13994
1.00979
1.34988
1.431
0.892697
1.42166
1.43533
1.16786
1.39923
1.40906
1.23624
1.28244
0.993774
0.932206
1.37483
1.1994
0.889169
1.12754
1.13926
1.12359
0.940246
1.09841
1.32452
1.16615
0.821362
1.34693
1.04467
1.28946
1.07722
0.958155
1.02151
1.14312
1.20681
1.06035
1.45261
1.00789
1.25989
1.10216
1.4812
1.20563
1.16542
1.3613
1.49613
1.24168
1.33587
1.18901
1.38155
1.03701
0.770651
1.13733
1.21227
0.764846
0.895673
1.16488
1.24006
1.12876
1.04421
1.33634
1.24176
1.19063
0.837694
1.10442
1.53937
1.38838
1.49365
1.24017
1.3821
1.14602
1.64662
0.729769
1.14724
0.922765
1.45676
0.848226
1.41544
1.05584
1.26167
1.06529
1.23751
1.28161
1.22224
1.72783
1.35367
1.50893
1.52193
1.14754
1.06175
1.37857
1.45428
1.37176
0.930408
1.22062
1.09531
1.38948
1.13388
1.32181
1.44387
1.26298
1.41398
1.4115
1.27738
1.59872
0.910376
0.850883
1.60939
1.4607
1.40694
1.18636
1.2378
1.48681
1.33759
0.880638
1.11295
1.27095
1.52746
1.42299
1.22286
1.3125
1.16166
1.01968
1.32984
1.3861
1.52777
1.15065
1.09974
1.18672
1.41684
1.24134
0.999563
0.641435
1.28674
0.887353
1.09899
1.12517
1.05076
1.22033
1.19164
1.12502
0.702615
1.29817
0.997557
1.29729
0.995897
0.58128
0.664997
1.0183
1.01015
1.23066
1.12739
1.30357
1.01536
1.15846
1.26167
1.06707
1.26828
1.24388
1.10644
1.43316
1.23867
1.20078
0.9724
1.22044
1.34607
1.52263
1.45275
1.04389
1.34179
1.19944
1.15192
1.11546
1.0965
1.08947
1.31882
1.39814
1.02058
1.0467
1.00655
1.0234
1.56047
1.18394
0.962871
1.23952
0.665749
1.51935
1.29612
1.34712
0.741003
1.41427
0.801532
1.46976
1.10743
1.51408
1.29582
1.54653
1.10154
0.918175
1.62332
1.23263
1.67521
1.26197
1.18136
1.05393
1.14648
1.33823
1.38133
1.30018
1.51578
1.10334
1.20288
1.06511
1.74495
1.7678
1.15972
1.22095
1.38019
0.997991
1.50827
1.11035
0.797203
1.49028
1.56165
1.51703
1.52617
1.32494
1.13355
1.19672
1.23277
0.947257
1.31629
1.1853
1.61195
1.47429
1.20616
0.829634
1.27093
0.688645
0.833272
0.950576
1.0845
1.17999
1.46766
1.11315
0.955705
1.45807
1.38358
1.38925
1.41464
1.30319
1.0849
1.50264
1.35225
1.11675
1.24796
1.022
1.52887
1.37411
1.10041
1.25963
1.29866
1.51857
1.13442
1.56405
1.41412
1.25476
1.33733
1.33967
1.46186
1.41073
1.11354
1.30221
1.09578
0.643448
0.93276
1.34294
1.17894
1.1569
1.40145
1.31226
1.5046
1.19648
1.10961
0.995863
1.45887
0.978636
1.38803
0.775723
1.38196
1.31767
0.897309
0.786378
1.31412
1.30801
1.31494
1.51324
0.985318
1.41562
1.21589
1.20534
0.917282
1.43379
0.999378
0.846088
0.9498
0.987684
1.18183
1.45614
1.37464
1.1521
1.07898
1.01057
1.5176
1.22787
1.28193
1.21576
1.34595
1.06878
1.14342
1.06501
1.17751
1.37777
0.965746
1.22532
0.811096
1.36394
1.53887
0.636267
0.978253
1.29846
1.58627
1.33883
0.960398
0.767837
1.09176
0.833703
1.04438
1.43844
0.79078
1.18596
1.33306
1.1718
1.09685
0.539696
1.31018
1.10805
1.22606
0.975408
1.05511
1.14532
1.43661
1.34917
1.35487
1.07574
1.60059
1.53552
1.61987
1.49438
1.38047
0.990006
1.55112
1.23714
1.51427
1.38825
1.41647
1.49732
1.67785
1.35207
1.62247
1.46141
1.72041
1.38639
1.45085
1.46298
1.41514
1.57029
1.28766
1.69226
1.5101
1.1616
1.50766
1.16946
0.904756
1.43259
1.20939
1.07583
1.29579
1.60857
1.26796
1.45115
0.870613
1.21373
1.09443
1.45926
0.889617
1.45004
1.05909
1.50047
1.40907
1.22567
1.15154
1.25718
0.850854
1.37729
1.35241
1.27324
0.731677
1.44991
0.971939
1.33499
1.3285
1.0428
0.844093
1.20957
1.55823
1.02691
1.36749
1.06905
1.67197
1.49873
0.915326
1.03129
1.25426
1.63318
1.45376
1.19884
1.38946
1.03281
1.19692
1.20578
1.43264
1.37633
0.872285
1.54642
1.29555
0.818988
1.05258
1.39112
1.00086
0.989934
1.26525
1.19309
1.40167
1.16258
1.12925
1.27991
1.20974
0.866522
1.04413
0.982039
1.5001
0.840777
0.998698
0.82264
1.38635
1.17751
1.33788
1.30441
0.862175
1.52393
1.5316
1.33255
1.38515
1.26419
1.12498
1.52777
1.13444
1.11191
0.98893
1.06793
0.921535
1.00422
0.901525
1.28174
1.24465
1.50349
1.04211
1.46987
1.09047
1.29798
1.50638
1.24741
1.45449
1.22962
1.60493
0.723837
1.29856
1.06433
1.17838
1.08624
1.28223
1.23804
1.55917
1.44809
1.13156
0.966458
1.28112
1.0158
1.58444
1.15831
1.23469
1.30351
1.39186
1.38106
1.01378
1.14105
1.77591
1.12415
1.35686
0.982078
1.60735
0.876266
1.33753
1.21016
1.55609
1.17854
1.38885
1.29231
1.08031
1.71678
1.46877
1.70036
1.38616
1.18876
1.2175
1.45997
1.61793
1.60424
1.43967
1.59414
1.0641
1.59208
1.26154
1.74844
1.57329
1.261
1.42066
1.52805
1.0373
1.48809
1.20049
0.748325
1.5712
1.55745
1.54646
1.53662
1.41602
0.910969
1.42958
1.16414
0.925686
1.36759
1.24045
1.50123
1.23604
0.99019
1.08269
1.8372
1.38842
1.14684
1.08312
1.52933
1.28544
1.16332
1.02931
1.35524
1.62173
1.64195
1.3775
0.888039
0.852977
1.29536
1.38919
1.28422
1.16442
1.08148
1.40353
1.06258
1.30092
1.18742
1.49633
0.951309
1.08889
1.43385
1.33573
1.40565
1.43987
0.724303
0.899684
1.24265
1.69508
1.52275
0.966324
0.975275
1.47805
1.16892
1.11874
1.73117
0.875444
1.73693
1.51711
1.13708
1.30927
1.19801
1.60692
1.33179
1.18493
1.26134
1.20329
1.63861
1.3251
1.58099
1.27484
1.47901
1.12412
1.18319
1.40748
1.4019
1.8395
1.60151
1.50434
1.71194
1.32538
1.4616
1.79287
1.74139
1.31138
1.43732
1.38725
1.34135
1.78047
1.37218
1.43907
1.40222
1.5186
1.32734
1.54162
1.29807
1.60649
0.921407
0.803814
1.7822
1.53762
1.36928
1.35825
1.31187
1.34744
1.43891
1.024
1.03194
1.46895
1.50215
1.42648
1.31532
1.20692
1.29982
1.16716
1.46239
1.22535
1.14249
1.33079
1.22724
1.17747
1.3838
1.32636
1.22013
1.48417
1.10722
1.52836
1.3995
1.07559
1.03635
1.36407
1.24549
1.16397
1.42665
1.35911
1.20248
1.41972
1.55495
0.80458
1.16311
1.10475
1.51905
1.14911
1.03511
1.00851
1.16919
1.35383
1.53214
1.46585
1.50567
1.33968
1.48352
1.39393
1.12079
1.18317
1.26848
1.57191
1.17748
1.09855
1.20481
0.94117
1.0505
1.13378
0.87371
1.21929
1.01823
0.890059
0.91592
1.15127
1.08601
0.709851
1.11338
0.823575
1.24215
1.11824
0.628358
0.796474
0.845495
1.16333
1.09742
0.922701
1.14274
0.929752
0.918349
0.884478
1.27755
1.30368
1.00362
1.0507
1.16315
0.907516
1.14177
0.998999
0.929718
0.947508
1.29563
1.11854
1.01373
0.90917
1.08367
0.90738
1.08225
0.7744
0.820533
1.01888
1.38965
0.998033
1.02704
0.705122
1.43953
1.38138
0.808251
0.989234
1.50927
1.10007
1.44538
1.21939
1.26507
1.16343
1.32968
1.6404
1.30452
1.27352
1.17997
0.850218
0.98381
1.27017
1.58884
1.4767
0.928292
1.02339
1.34849
1.41431
1.26395
1.46653
0.998365
1.24429
1.51778
1.58073
1.41632
1.11394
1.06432
1.06957
1.02698
1.30611
1.36666
0.737838
1.24139
1.2204
1.06076
1.05507
1.22049
1.51458
1.43442
1.16804
1.17296
0.97941
1.34651
1.16689
1.46443
1.40541
1.02563
1.67787
1.19074
1.72578
1.29378
1.12389
0.699695
1.08552
1.41631
1.60128
0.952678
1.34703
0.872294
1.18718
1.07078
1.55299
1.56313
1.11841
1.58696
1.35772
1.09058
1.49728
1.33575
0.959323
1.46244
1.34875
1.62418
1.39081
1.4341
1.4314
1.39242
1.09403
1.26262
1.23798
1.43337
1.4208
1.24667
1.21421
1.03248
1.02844
1.20971
1.27504
1.40316
1.46177
1.18272
1.12427
1.19338
1.12882
0.894644
0.977798
0.937813
1.20945
1.37693
1.511
1.36127
1.2643
1.10199
1.563
1.31166
1.32236
0.774041
1.57621
1.45805
1.23273
1.1002
1.22638
1.55161
1.45173
1.329
1.20866
1.75882
0.972744
1.45115
1.32321
1.27233
1.48481
1.52866
1.21642
1.48095
0.742594
1.17833
0.776449
1.42439
1.19891
1.24832
1.2574
1.23127
1.15553
1.37933
1.18267
1.18001
1.29343
1.25315
1.03375
1.07972
1.11822
1.16602
0.985487
1.21376
1.11345
1.16724
0.612603
1.50763
1.2801
1.36067
1.31436
0.905077
1.00936
1.58639
1.35765
0.971883
1.29953
0.921612
1.36343
0.918687
1.15431
1.34953
0.90563
1.09979
1.24117
1.04757
1.29726
0.89529
1.47372
1.19282
1.15596
1.09053
0.844724
1.59069
1.21182
0.893363
1.0217
1.26038
1.5578
0.833701
1.07697
1.21944
1.29256
1.18441
1.05162
1.34143
1.36352
0.976469
1.21654
0.908489
0.977079
1.03977
1.51169
1.12384
1.10284
1.09472
1.39674
1.37465
0.808415
1.09144
1.03965
0.79165
1.02239
1.351
1.02705
1.29808
1.0699
0.698734
1.1692
1.26942
0.813688
1.18226
1.16801
1.33902
1.41613
1.26478
1.43937
1.02574
1.32621
1.51694
1.03875
1.19875
1.1926
1.70359
1.33535
0.947783
0.779742
0.764193
1.49904
1.04923
1.33285
1.09101
1.22303
1.56087
1.07679
0.992766
1.21432
1.38282
1.11806
0.990365
1.20614
1.07094
1.18268
0.927216
1.46805
1.15573
1.00212
1.17244
1.27954
1.15168
1.17333
1.03699
1.10957
0.998969
1.68717
1.22566
1.40931
1.4581
1.46098
1.78734
1.03411
1.35055
1.69577
1.41341
1.26899
1.47134
1.71945
1.51321
1.42483
1.46507
1.05272
1.11791
1.27807
1.49801
1.52771
1.35288
1.31194
1.36238
1.28068
1.32479
1.28177
1.01369
1.06853
1.40196
1.03596
1.31162
1.11359
0.900584
0.957047
1.20246
1.40279
0.81759
1.15916
1.31525
1.35478
1.51235
1.48853
1.18192
1.27249
1.32746
1.50855
1.1373
1.07448
1.3938
1.36102
1.5119
1.31951
1.6182
1.24022
1.70431
1.61293
1.50841
1.24711
1.37416
1.41282
1.79385
0.922485
1.30533
1.63826
1.91613
1.59459
1.22871
1.20736
1.2525
0.982939
1.32716
1.20241
1.59606
1.39191
1.45175
1.68895
1.4187
1.3588
1.36887
0.799405
1.4254
1.0124
0.647619
0.701892
1.07083
1.13925
1.09302
1.421
1.37299
0.926179
1.18589
1.26135
1.26422
1.36733
1.36135
1.00826
1.44585
1.15692
0.979729
1.3659
1.28444
1.18224
1.36392
1.3225
1.32554
1.51248
1.07349
1.13712
1.15303
1.12372
1.154
1.01678
1.43446
1.14503
0.93765
0.722374
1.20122
0.975272
1.20618
0.996417
1.32643
1.2563
1.40252
1.33306
1.47857
1.46674
1.62457
1.30905
1.36004
1.40643
1.06129
1.5403
1.29186
1.23764
1.14596
1.23589
1.51009
1.61213
1.01094
1.40215
1.57455
0.873851
1.07253
1.3597
1.07082
1.85436
1.35569
0.911533
1.42193
1.31544
1.2982
1.15852
1.47863
1.36417
1.18928
0.861679
0.740701
0.799361
1.25048
0.944266
1.19319
0.960191
0.900216
0.988417
1.12762
1.13614
1.26118
1.26401
1.31284
0.991249
0.987683
0.840082
1.58805
1.46003
0.810292
1.08757
1.21285
1.27017
1.3061
1.54024
0.903219
1.26797
1.37402
1.23133
0.975893
1.23964
1.29042
1.11787
0.655233
1.15949
1.16024
1.50567
1.31531
1.40775
1.23848
1.42174
1.15705
1.42529
1.73365
1.19917
1.51182
0.941475
1.88453
1.08701
1.28932
1.41148
1.57772
1.38205
1.55308
1.31207
1.49843
1.52336
0.654067
1.05581
1.43907
1.03032
1.5945
1.47745
1.2478
1.56132
1.05505
1.52254
1.2445
1.59064
0.983847
0.997536
1.13058
1.41135
1.51069
1.5814
1.31969
1.21214
1.62202
1.39407
1.66348
1.3408
1.84667
1.01252
1.54048
1.29313
1.3776
1.44426
1.53428
1.53355
1.65741
1.98747
1.27842
1.54263
1.41005
1.36076
1.75625
1.61044
1.39062
1.64696
1.34597
1.54582
1.01644
1.40815
0.766396
1.09337
1.24319
1.1871
1.26161
1.23578
0.999205
1.2476
1.30624
0.986832
0.960739
1.27606
1.07886
1.39383
1.10437
0.821226
1.18756
1.30214
1.01275
1.37127
1.28935
0.979802
1.24061
1.03363
1.13221
1.2342
1.03047
0.915622
1.13519
1.31173
0.693762
0.776946
0.975222
0.967607
1.23719
1.27934
1.13175
1.18789
0.913594
0.99548
1.18661
1.16459
1.27725
1.22746
1.32741
1.2574
1.0081
1.02445
1.41729
1.25563
1.22015
1.15011
1.55313
1.23425
1.4629
1.42822
1.22701
1.25723
1.33979
1.0837
1.30763
1.26783
1.11459
0.980087
0.888934
1.07218
1.3759
0.908137
1.13186
0.922096
1.04671
0.928149
1.55278
1.50213
1.30435
1.49641
1.05922
1.22785
1.46165
1.55525
1.50119
0.972087
1.4376
1.45879
1.18057
1.21128
1.58701
0.912236
1.33482
1.46324
1.29044
1.25036
1.35175
1.51708
1.42462
1.04781
1.16956
1.44595
1.75355
1.47493
1.13866
1.39036
1.30449
1.57735
1.3351
1.41984
1.31622
1.47633
1.5707
1.37554
1.61772
1.48111
1.65875
1.47689
1.20669
1.5767
1.3307
0.870225
1.31244
1.33543
1.4387
1.21204
1.41369
1.61344
1.46562
1.25164
1.54051
1.29751
1.41907
1.23161
1.25927
1.1183
1.33908
1.44529
1.01448
1.04368
1.11286
1.14813
1.34584
1.36291
1.27923
1.20849
1.04675
1.25053
1.2992
1.41878
0.715009
1.28106
1.18776
1.36044
0.966657
1.24656
1.54615
1.20922
0.896261
1.04608
1.0508
1.13742
0.760182
1.53235
1.45083
1.17035
1.73337
1.0837
1.25659
1.70574
1.41248
1.1944
1.14995
1.29005
1.33877
1.01809
0.934158
1.72786
1.17036
1.12764
1.35489
1.1208
1.50731
1.35889
1.34813
1.55512
1.25718
0.909964
1.58906
1.01366
1.50389
1.19519
1.69898
1.4513
1.07794
1.19814
1.4178
1.59127
1.40295
1.20536
1.20537
1.47759
1.19821
1.11004
1.87092
1.21519
1.37166
1.64272
1.44253
1.54447
1.12158
1.52224
1.32278
1.23509
1.50016
1.0707
1.44729
1.28445
1.39682
1.51205
1.25702
1.18843
1.28203
1.53399
1.28163
1.15998
1.32077
1.34905
1.33571
1.38159
1.45934
1.22336
0.89627
1.39827
1.43744
1.19152
1.1912
1.23661
1.11987
0.920878
1.14162
1.4161
1.72075
0.937022
1.5855
1.13141
1.12108
1.41388
1.54823
1.37707
1.1346
1.24629
1.3569
1.35809
1.3237
1.6136
1.04974
1.47959
1.25155
1.03481
1.23341
1.63487
1.4831
1.53812
0.981629
1.72751
1.45527
1.36861
1.36358
0.884622
1.0159
1.67296
1.42206
0.960155
1.08446
1.03258
1.25771
1.01757
0.824738
1.5153
0.91417
1.21182
1.24044
1.02056
1.31837
1.19346
1.5491
1.39307
1.11384
1.02392
1.29831
1.60895
1.39883
1.38497
0.931045
1.45164
1.67352
1.39973
1.43005
1.30654
1.23518
1.60207
1.52333
1.25649
1.26492
1.37331
1.4302
1.26729
1.29639
1.02017
1.1707
1.24408
1.62736
1.47712
1.26476
1.21609
1.09613
1.53524
1.54052
1.21479
1.18893
1.44517
0.827117
1.30231
1.36241
1.25423
1.42985
1.43902
1.2099
1.41268
0.768069
0.974096
0.839759
1.48648
1.84923
1.1739
1.03122
1.35694
1.34982
1.19952
1.27654
1.45003
1.21223
1.47324
1.29552
1.365
1.16416
1.17728
0.933964
1.3068
1.00566
1.58262
1.17578
1.39128
0.970874
1.58482
1.3133
1.4244
1.12809
1.29914
1.59521
1.64476
1.62955
1.28229
1.37733
1.22797
1.20358
1.65016
1.24224
1.29332
1.48036
1.5475
1.60741
1.12945
1.27602
0.773867
1.37904
1.54051
1.27092
1.07055
0.911399
1.25523
1.12951
0.98642
1.61352
0.653853
1.33444
1.36052
1.32581
1.09334
0.852356
1.57324
1.27801
1.07775
1.04367
1.28969
0.871441
1.13458
0.940072
1.36011
1.2386
1.01477
1.22787
0.952355
1.3789
1.01827
1.09394
1.02025
1.05151
1.24303
0.80168
0.864095
1.63593
1.60023
1.14042
1.30511
1.39543
1.48366
1.59115
1.35133
1.29078
1.51089
1.342
1.37439
1.02901
1.36108
1.0146
0.803167
0.965795
0.960411
1.77705
1.84891
1.58493
1.22283
1.15896
1.17421
1.26093
1.36109
0.865613
1.37186
1.52342
1.59657
1.37498
1.25958
1.3479
1.55666
1.30652
1.4082
1.31665
1.04736
1.1964
1.26576
1.18191
0.816714
1.14635
1.35806
1.41043
1.3465
1.1483
1.10269
1.09941
0.987321
1.13632
1.07467
1.48449
0.993136
1.39998
1.31231
1.00488
0.995265
1.35265
1.18188
1.31616
1.06305
1.30574
1.24359
1.34417
1.67174
1.20116
1.40245
1.49545
1.10516
1.30638
0.981896
1.41954
1.22369
1.19951
1.33058
1.20917
1.40714
1.01094
0.944845
1.02429
1.31703
0.807929
1.51701
1.29114
1.49833
1.01453
0.886819
1.3208
0.963985
1.34293
1.2227
0.828686
1.44906
0.985966
1.16032
1.17945
1.44773
1.45032
0.947833
1.43497
1.04159
0.9996
1.36163
1.33102
1.36964
1.36459
1.29855
1.26638
1.35965
0.740447
1.23487
1.07183
1.4926
1.12019
0.91002
1.274
1.17812
1.06786
1.20892
0.819451
1.03623
1.46644
1.1999
0.913165
1.12059
1.48882
1.063
1.32662
1.23677
1.35585
0.986571
1.03482
0.951539
1.54087
1.03998
1.10032
0.987564
1.39927
1.42071
1.01437
1.18829
1.28854
1.34853
1.28101
1.13274
0.67457
1.43944
0.983828
1.39864
0.949291
1.26116
1.08586
