3.00386
3.11221
2.68857
3.12839
3.38512
2.9338
2.64342
3.18603
2.435
3.23557
3.03241
3.01477
2.87274
2.55555
2.82308
3.0709
2.35568
2.72768
2.49516
3.00131
2.75229
2.50647
3.09729
3.10623
2.66178
2.77171
2.73869
2.9241
3.08145
2.98064
3.03224
2.83766
2.80383
3.02144
2.71532
2.75388
3.03516
2.81815
2.61954
3.01795
2.99191
2.95639
3.29592
3.03147
2.45444
2.95639
2.79746
2.69999
3.0909
3.03911
3.01378
2.78603
2.62159
2.94044
3.2272
2.74911
2.714
3.27026
2.88295
2.64362
2.64768
2.14994
3.13039
2.7526
2.88632
2.75582
3.27441
2.80644
2.91535
3.16839
3.41717
3.02737
3.01064
2.53634
2.90159
2.74777
2.10847
3.14156
3.02661
3.1938
3.14987
3.0055
2.79757
3.3098
2.53777
2.90079
2.70242
3.15731
2.92564
2.86044
2.96463
2.76295
2.69063
2.75154
3.07527
3.06135
2.59253
2.67271
2.9223
3.13049
2.6987
3.19403
2.56673
2.97933
2.82006
3.25207
2.79313
3.2934
3.25645
2.83662
2.60066
2.7732
3.13662
2.90825
2.82883
2.81903
2.88918
2.80547
2.60023
2.99206
2.95775
2.76183
2.88517
2.80332
2.79869
2.65617
3.10415
2.69891
2.75537
3.00261
2.83593
3.40339
2.87604
3.17489
3.01315
2.91544
2.51382
2.45512
2.7164
2.90826
2.97907
2.82746
2.70067
3.03887
3.16487
3.16091
3.31033
2.51131
3.24797
2.72715
2.84277
3.41165
2.90905
2.64352
2.7765
2.91831
2.64069
2.87248
3.21439
2.58519
3.05753
2.97047
2.58696
2.99064
2.62522
3.35113
3.44352
3.04186
3.15998
2.6913
2.72084
2.36261
2.8936
2.78299
2.89395
3.13797
3.0013
2.90065
2.9489
2.67748
2.89928
2.88284
2.89135
2.9337
2.9033
3.17698
3.22289
2.66834
2.73036
2.6473
2.67834
3.22647
3.03813
2.95706
3.22345
3.04804
2.73101
3.08872
3.15253
2.84787
2.99419
3.0963
2.97217
2.97562
2.70933
3.10276
3.18603
3.12222
2.88636
3.04523
2.83687
2.71129
2.81524
3.01547
2.6751
2.98795
3.03043
3.03342
2.87547
3.11408
2.52778
2.88232
2.37
2.97536
3.36931
3.01858
3.31741
2.50418
3.05546
2.81183
3.40088
3.18932
3.29224
2.94253
2.89617
2.85996
3.07083
3.53321
3.14465
2.80588
2.76264
2.45834
3.31736
3.16041
2.76724
3.1125
3.09311
2.89534
3.28472
3.19737
2.82564
3.06553
3.08484
2.87393
3.22324
2.77421
3.313
3.47427
2.57975
3.00551
3.26546
3.31347
2.97793
2.53962
3.40609
3.08201
2.79603
3.00922
2.94746
2.85379
2.63774
3.14016
2.81892
2.56994
2.65662
3.12036
2.85257
3.06825
3.10828
3.0806
2.62215
2.90167
3.32968
3.14918
2.69788
3.23811
3.28201
3.19873
3.30817
3.17107
3.03242
2.59441
3.16135
2.99406
3.45041
3.13773
2.89524
3.14623
2.90516
2.81955
3.30037
3.19069
2.90082
2.99782
2.78236
2.69309
2.97181
2.82917
3.00592
2.43281
3.03354
2.73751
2.85663
3.18261
2.67975
3.10215
2.90313
3.08638
2.73617
3.30443
2.82157
2.83555
3.2048
3.06839
3.37172
2.78532
2.70868
2.91998
2.93091
2.66959
2.98365
2.87956
2.91611
3.07036
2.88425
2.33924
2.90239
3.03111
2.97583
3.52572
2.85783
3.10714
2.75594
2.65535
2.90728
3.17537
3.1716
3.19165
2.92932
2.81399
2.9759
3.03609
2.55032
2.90576
2.76201
2.52816
2.78958
3.06158
2.95911
3.31751
2.89209
3.11838
2.78707
3.04901
2.82204
3.34187
2.64882
3.09158
2.99376
2.8316
3.02482
3.19005
3.25874
2.87836
3.28355
2.41698
2.93783
3.17946
3.0111
3.11824
2.97868
2.96033
2.81473
2.6099
3.28311
3.25418
2.91334
3.16697
2.7969
2.51418
2.99131
3.08838
2.91684
2.97284
3.037
2.88596
3.0795
3.18499
3.09989
2.94734
3.15426
2.95558
2.89405
2.82942
3.0178
2.68693
2.86313
3.11306
3.14622
3.14163
2.99379
3.00331
2.89706
3.07436
3.26659
2.89131
2.9004
2.83497
2.84839
3.23361
2.77868
3.07012
3.1597
2.66003
3.05751
3.41421
3.12164
3.08475
3.30824
2.95807
3.06932
3.01439
2.7563
3.08307
2.50793
3.18641
2.81528
3.27007
3.12356
2.8399
2.98665
2.78705
3.02762
2.79123
2.99642
3.14182
2.62729
3.36341
3.16631
2.5141
3.1196
3.1001
3.08726
3.01481
3.42116
3.03777
3.13454
2.7404
3.28287
3.06799
3.02629
2.90332
2.99372
2.89751
2.84497
3.12832
2.84217
3.32665
3.16071
3.08624
3.29975
3.26931
2.87391
3.18698
3.49527
3.07271
2.87286
3.15767
2.9575
3.37882
2.97418
3.139
2.83219
2.96388
3.18031
2.75067
2.79741
3.17447
2.94744
2.95373
3.29909
2.8505
2.59972
3.00602
3.11793
2.68127
2.75799
2.67974
3.16835
2.6359
2.65833
3.07533
3.31783
2.92921
2.7591
2.9795
2.89198
2.61998
2.93056
3.12184
2.71024
2.75112
2.97372
2.85736
2.9446
3.03368
2.89841
3.03627
2.7081
2.59081
2.78058
3.25374
2.90963
2.45765
2.9101
2.97674
3.06668
2.82382
3.34357
2.45045
2.69419
2.83677
2.68626
3.17286
2.80115
3.12472
3.19592
2.61184
2.61422
3.20708
3.12838
3.48172
3.253
2.87465
2.91086
2.9384
2.42332
2.93008
3.08978
3.00027
2.7374
2.62024
2.8541
2.8811
3.02372
2.95747
3.07162
2.9669
2.85577
2.85034
2.51538
2.90654
3.05407
2.72607
2.89305
2.8658
2.95426
3.20113
3.14937
2.87101
2.7925
3.02695
3.00482
3.30263
3.08731
3.13634
2.9712
3.34224
2.89944
2.66128
3.13453
2.98118
2.92575
2.79784
2.70303
3.06944
2.74933
2.73883
2.77757
2.91054
2.53854
2.68059
2.72649
2.8223
2.7575
2.99091
2.77096
2.62798
2.67246
2.90044
2.52347
2.9218
3.1327
2.89022
2.94496
3.14898
3.09237
2.66586
2.86803
2.65739
3.49624
2.41531
2.62588
2.58387
3.03377
2.96865
3.21393
2.84743
2.91245
2.81041
2.80842
3.17286
2.98399
2.91265
2.83841
2.72012
3.02204
2.91693
2.97748
2.79553
2.77372
2.71148
2.75091
2.87496
3.08946
3.21028
2.68675
2.88149
2.42552
2.81322
2.77788
2.71701
2.90618
2.99733
2.80589
2.91384
2.70136
2.83031
2.65985
2.84089
2.8487
2.6201
2.68841
2.86326
2.80708
2.7933
2.63667
2.70515
2.70445
3.03438
2.51628
2.76721
3.0567
3.22307
2.98776
2.81143
2.85762
2.83009
3.08825
3.19046
2.98574
2.83891
3.46097
2.7448
2.808
2.38004
2.86262
2.80321
2.82484
2.71103
2.57717
2.45626
2.86754
2.47339
2.64548
2.53047
2.78573
3.3118
2.91394
2.69661
2.77682
2.8402
2.31923
3.08303
2.7776
2.62953
2.6815
2.62148
2.72768
2.51938
2.83898
2.9649
2.69928
2.4588
2.74435
2.80694
2.67131
2.70739
3.15081
2.63627
2.68736
2.79553
2.92375
2.88026
2.3811
2.92117
2.79994
2.80593
2.76268
2.92311
2.52266
3.09384
2.40534
2.51387
3.11425
2.57626
2.71245
3.02383
2.74435
3.02703
2.71229
2.86097
2.83345
3.09578
2.90467
2.97409
2.60817
2.82234
2.71347
2.44914
2.54624
2.78775
2.74172
2.68086
2.81247
2.72978
2.7451
2.72674
2.34636
2.28492
2.7278
2.61631
2.94285
2.9046
2.84877
2.69882
2.45227
2.76488
2.52731
2.75892
2.91151
2.69783
2.83561
3.13423
2.59326
3.17626
3.1976
3.11939
3.04421
2.94766
2.98452
3.01851
2.63716
2.7932
3.06005
2.824
3.13126
2.97417
3.18407
2.91536
3.29137
3.13274
3.19442
3.09415
3.03036
3.11566
3.19421
3.0674
2.96785
3.21886
2.86757
2.8661
3.09369
2.97283
3.19149
2.54254
2.92978
3.092
3.19895
3.02784
2.6193
2.92661
2.83254
3.2391
3.17703
3.25104
2.76115
3.38114
2.99368
3.14235
3.17255
3.08648
2.80709
2.9069
3.10033
2.95906
2.74851
3.52077
3.24666
2.53045
3.12674
3.00986
2.9947
2.91808
3.30836
2.8745
3.31418
2.7194
2.99942
3.23748
2.96636
2.82314
3.28985
3.45536
2.82913
3.11148
3.29917
2.99936
2.99902
3.14749
3.10293
3.29775
2.93224
3.14873
3.40968
2.82409
2.82717
3.16917
3.22319
3.15867
3.17993
2.75348
2.68236
2.64421
3.3213
2.67047
2.99403
2.53016
2.47229
2.7937
2.91655
2.70348
2.43489
2.62432
2.63203
2.68293
3.01889
2.67317
2.75155
2.82452
2.56023
2.75723
2.88127
2.62208
2.80897
2.67383
2.7817
2.37544
2.65652
3.06739
2.73664
2.79859
2.77146
2.80665
2.94476
2.44803
2.52719
2.68517
2.81134
2.37053
2.38994
3.09547
2.74629
2.53499
3.01968
3.00361
2.73352
2.93803
2.66261
2.93748
2.7899
2.56749
2.28983
2.7501
2.64935
2.43251
2.55574
2.82919
2.79525
2.49509
2.59297
2.97592
2.94824
2.78078
2.8102
2.8413
2.94751
2.7331
2.66586
2.73466
2.93078
2.70349
2.6969
3.06408
2.57797
2.70293
2.7078
2.61055
2.80747
2.7039
2.67777
2.84466
2.59559
2.59917
2.75624
2.70298
2.66504
2.72583
2.6928
2.5507
3.06896
2.40369
2.76646
2.66236
2.92197
3.13921
2.97341
3.25441
2.67331
2.85509
2.51245
2.65452
3.01198
2.88403
2.92881
2.88855
2.97115
2.97396
2.74626
2.55963
3.10903
2.60633
2.50071
2.83695
2.84082
2.93099
2.52186
2.66702
2.51311
2.97284
3.38531
3.3195
2.93588
3.03722
2.90479
2.80931
3.18839
3.13554
2.82403
2.93724
3.34193
2.45783
2.95185
2.57201
3.02533
2.69984
2.90067
2.86601
2.97421
2.77121
2.51724
3.01519
2.82312
2.8304
3.03387
2.66206
3.12728
3.13437
2.60486
2.72693
3.14343
3.06283
3.3165
2.84198
3.16678
3.32958
2.7587
2.65236
3.06057
2.61964
2.41541
2.94648
2.55477
2.64629
2.76321
3.16539
3.01504
3.14167
3.0943
2.95055
2.88256
2.78686
3.09888
2.69778
2.77177
2.94313
3.07636
2.73178
2.52264
2.80373
2.87682
2.69492
3.07899
2.97744
2.8176
3.15251
2.66148
2.94854
2.64569
2.63383
2.56459
2.83224
2.83084
3.1282
2.92486
3.39195
2.88803
2.70068
2.84102
3.02629
2.70823
3.06201
2.97122
2.33494
3.45525
3.16172
3.29625
2.34474
2.85389
2.98757
3.05876
2.69519
2.9419
2.73786
2.70265
3.36046
3.16316
3.13713
2.91513
2.46541
3.15962
3.11018
3.09195
2.96636
2.98029
3.0209
2.80769
3.27503
2.80837
3.09166
2.70132
2.69161
2.75002
2.82727
2.98991
3.26522
2.64257
3.28734
2.87028
3.15798
2.83811
3.32867
3.1419
2.9398
3.08205
3.1618
2.90888
2.89534
2.85845
3.22126
2.81685
2.48429
2.92195
3.25778
3.04705
2.89371
2.29445
2.49571
2.6432
2.93384
2.57126
2.84742
3.36834
2.92046
2.76768
2.64272
2.63796
2.83623
3.18542
3.23229
2.9306
3.22694
3.18402
2.81534
2.74026
2.86724
3.09343
2.67946
2.68326
2.49575
2.66667
2.80423
2.75306
3.0113
2.69817
2.97706
2.78609
2.75257
3.26583
2.77574
2.39335
2.64888
2.85288
3.12581
2.9301
2.72649
2.60411
3.11109
2.8596
2.76182
2.73228
2.93231
3.13869
2.91533
2.93742
2.73396
2.87891
2.64154
3.27268
3.16154
2.73072
3.00327
3.01083
2.91352
3.16386
2.52455
3.0416
2.90461
2.41387
2.61196
3.03914
3.12779
3.40815
2.81387
2.66004
2.55118
3.03143
3.15354
3.17058
2.86817
3.41877
2.74329
2.73479
2.74622
3.19124
2.87294
3.20941
3.17031
2.91828
3.02038
3.27324
3.38613
3.02325
3.09291
2.65027
2.74797
3.48624
2.74341
2.85455
3.2674
3.02645
2.82654
2.70568
3.01395
2.74725
3.36589
3.35399
3.06072
2.8534
3.05083
2.91807
3.13566
2.642
2.5887
2.90261
2.72325
2.74666
2.96716
3.35612
3.22535
2.8308
2.84431
3.19634
2.66009
2.98798
2.98191
3.04624
2.89053
3.12855
3.1827
3.07774
2.43812
2.53549
3.04009
2.83576
2.75552
2.6327
2.69291
2.74803
2.87681
2.7115
3.02577
3.10508
2.96424
3.15435
2.88625
2.52054
2.99259
2.51093
3.08258
2.56391
2.95954
2.8877
2.83166
2.88811
2.7444
3.04223
2.99638
2.79662
2.87561
2.80822
3.02927
3.04828
2.98286
3.09347
3.08297
2.55323
2.50475
2.80462
2.96034
3.06689
2.969
2.91686
3.09479
2.42373
3.15098
2.54321
2.66141
2.93718
3.0578
2.91019
2.83418
2.67138
2.96862
3.15334
2.82159
2.52259
3.09778
3.04569
3.11159
3.18629
2.88951
2.79899
2.98489
3.11633
2.72483
2.59493
2.39887
2.62358
2.94663
2.54158
2.47541
2.59177
3.11097
2.82811
2.61162
3.07258
2.5073
2.61803
2.85109
2.70577
2.60026
2.56255
2.84937
2.86512
2.83339
2.8419
2.95686
3.03688
2.75213
2.84628
2.645
2.69294
3.1397
2.85839
2.75821
3.02777
2.80744
2.73679
3.12089
3.26827
2.8817
2.3617
3.12467
2.84422
3.05886
3.13843
3.12639
2.65225
2.54115
2.51647
2.62936
2.60742
3.48494
2.36646
2.79347
2.60066
3.01181
2.92189
2.58705
3.15408
3.41361
2.72833
2.59154
2.89514
2.90838
2.29905
2.812
2.92213
2.8902
2.70792
3.15224
2.69929
2.43608
2.70708
2.69215
3.17089
2.77901
2.98993
2.77309
2.70895
2.93825
2.84411
2.26418
2.68885
2.54109
2.82602
2.79138
2.98415
2.65518
2.59183
2.80834
2.59834
2.62123
2.58503
2.53497
2.6946
3.00013
3.08524
3.10661
3.0192
2.65778
2.78265
2.86285
2.9124
2.85643
3.01532
2.93959
2.64249
2.69368
2.68577
2.57835
3.19249
2.4587
2.52614
3.02658
2.87535
2.89818
2.92131
2.74104
2.6763
2.82342
3.20505
3.09292
2.99839
2.58034
3.36608
2.96
2.83861
3.0614
2.99175
2.96297
2.65858
2.7175
3.09458
2.73314
2.70899
3.0907
2.82525
3.11446
2.39637
3.16671
2.62932
2.73363
2.97483
3.2199
2.73488
2.67019
2.81299
3.27157
2.57358
2.79765
2.57963
2.76105
3.26561
3.04206
2.89684
2.42546
3.19871
2.9773
2.69492
2.78184
2.84368
2.71752
2.96147
2.82751
2.6714
2.84256
2.7474
2.93841
3.04944
2.87539
2.97357
2.79806
2.7335
2.6082
2.71667
2.91177
2.98459
3.10249
3.41389
2.51843
3.03621
3.17794
2.5572
2.80849
2.76982
2.77643
2.55473
2.814
2.54588
2.8832
2.65007
3.01685
3.36782
2.89741
2.75621
2.51542
2.76881
2.91004
2.93179
2.69642
2.9686
2.7691
2.81321
3.31169
3.11137
2.63133
2.8185
3.19879
2.98779
2.89978
2.60149
2.76414
2.99243
2.64862
2.8466
2.80801
3.03705
2.94867
2.97619
2.51694
2.66401
3.04545
2.93403
2.96829
3.10336
2.99959
3.11947
3.12837
2.61665
2.71947
2.82583
2.16902
2.9026
2.81906
2.51191
2.80915
2.90227
2.84431
2.51492
2.87384
2.91235
2.51114
2.80218
2.81161
2.89101
3.15972
2.65974
2.54849
2.97926
2.61896
2.96885
2.81153
2.86744
3.10321
2.80037
2.5381
2.73369
2.60038
2.8139
2.45841
2.70588
2.4937
2.71109
2.68191
2.65747
2.41337
2.44948
2.81947
2.6102
2.70597
2.55854
2.29939
2.46158
2.85106
3.12789
2.57347
2.52721
2.4838
2.55713
2.71614
2.7075
2.51074
2.73801
2.83629
2.52827
2.59664
2.47862
2.71862
2.72011
2.39715
2.43267
2.59496
2.57805
2.66985
2.77945
2.63217
2.72845
2.87708
2.08473
2.76148
2.93254
2.3176
2.84901
2.75186
2.68977
2.292
2.51602
2.85278
2.97635
2.46116
2.86827
2.6352
2.58294
2.70414
2.32554
2.67302
2.63088
2.38302
2.66765
2.22677
2.73496
2.78934
2.53831
2.78369
2.46419
2.9447
2.75343
2.59364
2.69856
2.78523
2.51412
2.52899
2.51737
2.54258
2.54705
2.6012
2.82789
2.92647
2.39027
2.91317
2.69556
2.94332
3.06182
2.6945
2.90416
2.5638
2.84079
2.88011
2.85933
2.67726
3.05744
3.15003
2.72205
2.43933
2.7166
2.77035
2.96797
2.75331
2.71532
2.81971
3.02738
3.18816
2.61606
2.62691
2.75295
2.47014
2.90098
3.03555
2.89955
2.52385
3.13463
2.77942
2.94726
2.557
2.87374
2.84632
2.68501
2.79989
2.54423
2.77729
2.85228
3.00877
2.56926
2.8425
2.86849
2.84384
2.74378
2.65877
2.91597
3.1726
2.90076
3.14523
2.88315
3.0256
2.38755
2.75838
2.98769
2.35758
2.81603
2.86818
3.08478
2.9346
2.80996
2.77665
2.88004
2.91752
2.84576
2.94075
3.04046
2.668
2.79211
2.50771
2.82155
2.82578
3.30996
2.92934
2.95562
2.62273
2.73988
2.39174
2.68945
2.91152
2.42067
2.83144
2.24185
2.86241
2.53618
3.62599
2.89553
2.65009
2.92872
2.9465
3.19406
2.68102
2.56236
2.65689
2.59696
2.37554
2.79336
2.80469
2.88556
2.83276
3.04861
2.66328
2.65136
2.86837
2.96854
2.90304
2.73055
2.89927
2.60887
2.31219
2.7145
2.76865
2.24816
2.75277
2.67702
2.42441
2.68439
2.82514
2.27729
2.86431
2.65456
2.73112
2.65588
2.98559
2.62598
3.155
3.02406
2.92873
2.95168
2.38748
2.62667
2.82833
2.54633
3.02423
3.06275
2.23811
2.89106
3.23962
3.0628
2.54935
3.16534
2.50993
2.78639
2.98049
2.6663
2.8317
3.06374
2.97459
2.57691
2.83667
2.97071
2.89718
2.79472
3.05302
2.53113
2.80085
2.58073
2.54563
3.0766
3.2418
2.8513
2.55696
2.57167
2.19371
2.90164
2.85817
2.43816
2.93261
2.87514
3.03683
2.78298
2.47412
2.50185
2.88722
2.86667
2.51511
2.59866
2.90456
2.77171
2.90073
2.64237
2.69339
2.77608
2.75174
2.68781
2.79882
2.35338
2.90885
2.64552
3.06922
3.00425
2.6685
2.94073
2.40524
2.27236
2.67856
2.72535
3.00589
3.45101
2.71231
2.88102
2.81434
3.14425
2.72391
2.77415
3.19239
2.82649
2.19945
2.78066
2.9115
3.12445
2.64887
2.86002
2.83935
2.32452
2.89414
2.66962
3.01699
2.78568
2.9008
2.60298
2.92171
2.95233
2.8747
3.03103
2.76005
2.85236
2.85855
2.98137
2.91191
3.10816
2.94654
2.70806
2.78197
2.84923
2.7097
2.77604
2.73469
2.89897
2.74297
2.72979
2.35836
3.19021
2.99152
2.63561
2.56655
2.79663
2.66263
2.54091
2.44338
2.47916
2.47914
2.60934
3.05844
2.74836
2.75164
3.04597
2.94464
2.64157
2.69138
3.20446
2.41518
2.97634
2.70105
2.833
2.74282
2.57932
3.01638
2.96633
2.54997
3.10166
2.5366
2.3215
2.93769
2.80224
2.51425
3.20253
2.62969
2.56987
2.23107
2.57869
2.77104
2.83491
2.95827
3.09772
2.46099
2.54806
2.58575
2.67791
2.55445
2.6968
2.6219
2.79852
3.35287
3.00542
3.00179
2.47852
3.04306
2.91586
2.75381
2.79575
2.87507
3.13581
2.39023
2.68857
2.80785
2.78879
3.19325
2.64437
3.26613
2.50803
2.94667
2.70686
3.11041
3.06307
2.22856
2.59976
2.62567
2.55958
2.98685
2.79594
2.73841
3.07339
2.85218
2.53272
2.51187
2.74943
2.89222
3.13544
2.8805
2.69129
2.2081
2.82444
2.85054
2.69566
2.49952
2.91149
2.72602
2.8535
3.055
2.70561
2.78845
2.70848
2.81024
2.87678
2.99925
2.68871
2.78989
2.72582
2.70933
2.9461
2.57145
2.53893
3.34596
2.71229
2.90265
2.91814
3.10202
2.61236
2.84154
3.09035
3.30269
2.40379
2.69589
2.3783
2.7638
2.75985
2.31758
2.53783
2.8365
2.93126
2.75121
2.80144
2.88862
2.87
2.54943
3.16703
3.08086
2.94446
2.53679
2.64235
2.54825
2.78904
2.65786
2.76141
2.81546
2.82325
2.97754
2.76559
2.90738
2.84327
2.88743
2.63667
2.95671
3.04315
3.24249
3.17244
3.19141
3.16053
3.20257
3.19498
2.94358
3.25677
3.23906
3.02652
2.55487
3.07345
2.90859
2.49726
3.39072
2.91778
3.12964
3.14734
3.10522
2.73102
3.153
3.55903
3.15245
2.97276
2.79401
3.35288
3.20168
2.92844
3.07243
3.35052
2.80929
2.96924
2.675
3.10277
3.38609
2.75501
2.91407
2.83578
3.09987
3.039
2.68264
3.47573
3.42146
3.09886
3.21155
2.61678
2.82384
3.02875
2.82463
2.93494
3.2343
3.257
3.62231
3.10313
3.1377
3.28775
3.21734
3.12789
3.18139
3.0617
3.11622
3.07532
3.44444
3.19771
2.84611
3.28959
2.78731
3.48232
3.36353
2.93293
2.85148
2.69867
2.91681
2.71623
2.73668
3.26458
3.05227
2.61547
3.23558
2.72411
3.38459
2.71869
2.87283
3.40526
2.82401
2.6543
2.69898
2.84932
3.05577
3.41453
2.96101
3.04121
2.83347
2.91364
3.1264
3.18469
2.89822
3.13447
2.95458
2.49529
2.99363
2.674
2.90908
2.88528
3.095
2.83952
3.17732
3.05954
2.91063
2.89068
2.81402
2.67314
2.72213
2.83969
3.17114
3.21073
3.08197
3.04706
2.91221
2.67962
2.36676
2.94748
2.58202
3.07464
3.01235
2.86559
2.76548
3.17309
2.92027
2.80125
3.18086
3.05861
2.62048
2.85699
2.84192
3.24863
2.9511
3.23741
2.79719
2.62921
2.84577
2.98625
2.58271
2.93067
2.71337
2.77214
2.73559
2.84304
2.77372
2.99515
2.8033
2.90211
3.01762
3.05564
2.92093
2.55515
2.93118
3.04471
3.04343
2.42864
2.82328
2.25687
2.98549
2.98997
2.5694
2.62257
2.94116
2.6517
2.73269
3.0051
3.05776
2.69149
2.46744
2.50488
2.9916
2.99212
2.78215
2.92027
3.00857
2.49559
2.79616
2.72223
2.75554
3.20726
2.86073
2.87738
2.81797
3.06616
3.02697
3.07052
3.1801
3.15686
2.80336
2.71383
2.22175
2.65333
2.53988
2.74082
2.77424
2.83508
2.7451
2.93409
2.98011
3.10996
2.95119
2.36382
3.04508
2.95095
2.89807
2.78222
2.95301
2.93736
2.80351
2.42765
2.57895
2.7166
2.69673
2.90976
2.89073
2.9571
3.123
2.40546
3.2046
3.15004
3.07651
3.27584
2.92933
3.24887
2.50017
3.08595
2.82785
2.85795
2.55562
2.85889
2.39552
2.72182
3.05197
3.18134
2.74929
2.57912
2.9341
3.16721
3.07359
2.81749
2.96779
2.53557
2.50689
2.99643
3.11945
2.46522
2.57256
2.87208
2.46318
2.90264
2.86496
2.93749
3.139
2.67243
3.01384
2.90381
3.22316
2.82035
3.1718
3.25075
2.81664
2.74303
2.90647
2.62112
3.00884
2.9894
2.88674
2.74168
2.259
2.83418
3.22208
2.96203
3.05207
2.94802
2.83849
2.75857
2.70818
2.66075
2.97914
2.90586
3.11051
3.02406
3.09761
3.16711
3.02369
3.02562
3.01134
2.90597
2.72925
2.66685
2.90904
2.62361
2.42273
2.82596
2.94121
3.01307
2.82121
3.04814
3.14949
2.96053
2.90436
2.76854
3.22913
2.96035
3.57092
2.79366
3.14834
2.86852
2.62738
3.11733
3.05637
2.84906
2.71491
2.83245
2.77463
3.04365
3.17878
2.84753
2.59692
2.72378
2.70761
2.73449
2.70628
2.86271
3.0618
2.58745
2.3107
2.75831
2.67721
2.87016
2.94287
2.99824
3.18085
2.74825
2.69275
2.57815
3.11045
2.51313
2.32817
2.89176
2.8305
3.0109
3.32528
3.1437
2.65195
3.16487
2.84975
2.6305
2.90659
3.44527
3.05654
2.63629
2.79136
2.59863
2.36141
2.83933
2.95744
3.25221
2.94281
2.79075
2.61808
2.95059
2.84115
2.46374
2.91281
2.66962
2.83355
2.6622
2.7138
2.37907
2.82236
2.52146
2.60174
2.23497
2.64779
2.84714
2.76953
2.42651
2.81974
2.82191
2.5629
3.06196
2.35761
2.85528
2.43787
2.35927
2.67442
3.04778
2.2491
2.91745
2.67215
2.17752
3.11386
2.56236
2.95212
3.08826
2.56232
2.7219
2.40298
2.62629
2.95022
2.99342
2.81175
2.81939
2.06827
2.46617
2.92441
2.74046
2.69894
2.80702
2.44274
2.30682
2.3684
2.46303
2.66966
2.74918
2.50653
2.18757
2.54866
2.57542
2.68806
2.56181
2.5319
2.7995
2.75425
2.6464
2.67581
2.95863
2.94179
2.66287
2.76862
2.87891
3.08558
3.22366
2.96155
3.15956
2.62022
3.10401
3.18617
3.39367
3.32619
3.15298
2.68605
2.85725
2.89213
3.20394
2.87939
2.89906
3.13047
2.93457
3.2777
3.20829
3.04064
2.86527
3.19612
2.99797
3.17354
3.11734
3.02238
2.94327
2.88851
3.12585
2.82165
2.84763
3.36339
3.20172
2.72551
3.10189
2.96094
2.95892
2.83799
2.88892
3.08559
3.02986
3.02109
3.2412
2.82455
3.09421
2.74704
2.76246
2.55903
2.9228
2.89501
2.98073
2.45487
2.97492
2.91105
3.1685
2.5986
3.04913
3.21623
3.07344
2.9408
3.05778
2.87148
2.97835
2.69244
2.94935
2.80054
2.68881
3.03886
3.08307
2.58819
2.78043
2.74172
2.99202
2.77458
2.87257
3.09688
2.93619
2.62876
2.95568
2.92967
2.87434
3.22965
2.89656
3.08834
2.87011
2.68657
3.00367
2.94805
3.00381
2.72677
2.73673
2.92648
2.63239
2.89363
2.64759
2.88383
2.68276
2.50893
2.81401
3.09643
3.06341
3.00026
2.31561
2.52758
3.20103
3.12654
3.27627
3.38481
2.69194
3.51997
2.61052
3.30828
2.76852
2.94689
2.7989
2.76943
2.54498
2.60614
2.77223
3.12001
3.32458
2.38547
3.21656
2.66576
2.98963
3.28393
3.42161
2.87911
2.67561
2.43403
2.75718
2.53954
2.91048
3.04404
2.86231
2.97404
2.83764
2.9147
2.94132
3.06507
3.24026
2.56366
2.67794
2.61173
2.7715
2.96993
2.78522
2.64451
2.95738
3.19527
2.77404
3.01808
3.11398
2.80215
2.6404
2.99404
2.80634
3.04915
2.81741
2.77354
2.75329
2.99242
2.79771
3.01842
2.51917
2.567
2.65312
2.89306
3.0176
3.30745
2.6481
2.7381
2.8065
2.95071
2.99908
3.01016
2.80456
3.03053
2.53934
2.69027
2.69261
3.25841
2.69595
2.82816
2.69901
2.59441
2.91489
2.95816
3.17425
2.77857
2.89392
2.49184
2.64236
3.04424
2.75716
2.92872
3.29502
2.67618
2.78578
2.51374
3.23624
2.82511
2.98709
3.11467
3.09747
2.85493
2.89387
2.68842
3.08529
3.05037
2.97096
2.87235
3.06188
2.7564
2.88322
2.99307
2.63807
2.89246
2.79218
3.01852
3.04552
2.72245
2.77699
3.00081
2.94148
2.59873
3.10872
3.00424
2.94943
2.75507
2.78878
2.62987
2.77832
2.60554
2.81437
3.03847
3.03264
2.65568
2.50505
2.88952
2.62371
2.76469
3.12349
2.723
3.02406
2.70312
2.70036
3.07026
2.90868
2.80762
2.80595
3.14314
2.89882
2.8133
2.92234
2.79441
2.83775
2.86002
2.94039
2.97231
3.03213
2.99552
3.29834
2.67325
2.63333
2.95248
3.0112
3.03709
2.58491
2.95791
2.95561
3.30226
2.86063
3.01763
2.63224
3.16369
3.43017
3.01243
2.82435
2.83001
2.90254
2.75615
3.21796
3.1565
2.92683
2.81348
2.66206
3.04453
2.85903
2.53582
2.94507
3.46486
3.0033
3.0197
3.10262
2.4094
2.71194
2.9402
2.83401
3.34033
2.89535
2.95595
3.22718
2.66726
2.64853
3.0712
3.07473
3.07603
3.10643
3.18682
3.27371
2.63398
3.05741
2.62307
2.56991
2.82639
2.66728
2.64107
3.09526
3.18012
2.67958
2.94865
2.93272
3.13602
2.98252
2.65956
2.89233
3.19657
3.10554
2.43787
2.54649
2.78846
3.0025
2.81275
3.02948
2.87707
2.72464
2.89555
3.04296
2.64144
3.21264
3.42254
2.88758
2.99056
3.06795
2.90381
3.33223
2.72807
2.8266
2.98757
3.00565
3.08167
2.78789
3.01916
2.89193
2.6405
2.96762
3.1308
2.8983
2.79834
2.87772
3.41734
2.81134
2.92907
3.4585
2.53191
3.2167
3.50952
2.67662
3.14621
3.06267
2.94157
2.81141
2.73482
2.85109
3.75836
2.82005
3.10992
2.97496
2.65512
2.73831
2.91611
2.76979
2.83516
2.84166
3.16641
2.86466
3.01408
3.08119
3.03751
3.04344
3.1909
3.51361
2.95143
2.80394
2.74517
3.13575
2.93895
2.78051
2.55559
3.25108
2.63302
3.20397
3.00608
3.03589
2.98706
2.44617
2.42192
2.82768
2.75631
2.8624
2.97904
2.709
2.55307
2.54504
2.5313
2.76125
2.74944
2.49929
2.77724
2.91057
2.58939
2.64576
2.87364
2.7275
2.65836
2.57079
2.41367
2.99944
2.33065
2.71901
2.83361
2.3744
2.7498
2.8072
2.90007
2.46875
3.07322
2.461
2.93888
2.70943
2.96803
2.46208
2.57919
2.70354
2.75166
2.48227
2.50465
2.98722
2.82995
3.05266
2.78131
2.80643
2.49107
2.47515
2.74228
2.63969
3.06055
2.6919
2.48639
2.74118
2.50486
2.83536
2.33434
2.79596
2.69255
2.74108
2.65688
2.81909
2.88009
2.95891
2.8555
2.73619
2.72604
2.99612
3.18897
2.72407
2.91991
3.20701
2.77585
3.35322
3.20043
2.59346
3.25022
2.38893
2.94018
2.94909
3.02202
3.0688
2.93841
2.66367
2.67511
3.23082
3.04284
3.0819
2.92313
2.93655
2.43157
3.20332
3.00851
3.2568
3.0348
2.82351
2.41186
2.70716
3.0438
3.1927
2.79471
2.91795
2.95892
2.74499
3.14519
3.10282
3.26174
2.45787
3.18038
2.7059
2.80484
3.23003
3.03959
3.11139
2.91549
2.83051
2.8303
2.82802
3.05324
3.10789
3.27631
2.53606
2.45906
3.14915
3.09327
2.79127
2.99296
2.70076
3.04742
2.95
3.03514
2.96332
2.94762
2.97904
2.81933
3.11576
3.21198
2.89608
3.04992
2.5509
3.06501
3.37408
2.87524
3.12966
2.62554
2.48845
2.86419
2.70564
3.18958
3.19983
2.86627
2.94277
2.63274
3.01015
2.8906
2.93678
3.0007
3.05039
2.56516
2.89526
3.10517
3.32743
3.19777
2.9845
3.09566
2.55123
3.27306
2.90079
3.03842
2.95183
2.90133
2.87897
3.1683
3.13189
2.49282
2.78575
3.21775
2.95775
3.02603
3.1491
3.38779
3.31016
3.24194
3.14672
3.3298
2.98407
2.81749
3.14307
2.96998
2.85597
2.84486
2.75322
2.86483
2.85315
3.18503
2.84306
2.90067
2.98134
2.82697
2.95307
2.59725
2.66944
3.01302
2.73813
3.2049
2.75857
2.58977
3.08366
2.45592
2.86368
3.01723
2.59978
2.76049
2.97337
2.8643
3.19335
3.41457
2.93596
3.07445
2.88148
2.96011
2.84713
2.77304
3.01733
2.95304
3.34498
2.72738
3.25482
3.33623
3.42628
3.22735
3.0675
2.87798
3.10172
2.884
3.22347
3.43849
2.97631
2.89987
2.58138
2.953
3.21865
2.87803
3.00648
2.51321
2.84388
2.6801
2.45111
2.57737
2.52015
2.83881
2.69984
2.81014
2.41456
2.72636
2.85838
2.83008
2.61033
2.92002
2.51326
2.44517
2.69809
3.0232
2.62398
2.90609
2.85739
2.29123
2.95964
2.83868
2.40411
3.09349
2.49597
2.9238
2.36673
2.77435
2.66536
2.95165
3.05591
2.80831
2.95639
2.91117
2.28096
2.47247
2.69917
2.76497
2.81042
2.72963
2.88842
2.81848
2.81937
2.64511
2.92586
2.48035
2.55041
2.71711
2.88501
2.66413
2.80862
2.92587
2.5242
2.79403
2.82322
2.82941
2.84693
3.06698
2.7056
2.70486
2.55042
2.85758
2.70851
2.87375
2.53942
2.89306
2.57724
3.12209
2.99027
2.54473
2.9854
2.90238
2.88349
3.23305
2.89945
2.76438
2.268
2.85749
2.74138
2.68868
2.88798
2.83245
2.92519
2.87174
2.76257
2.69779
2.90471
2.87521
3.0709
2.93782
2.55945
2.62503
2.46436
2.80822
2.77517
2.69136
2.70681
3.07925
2.72822
2.72706
2.54911
2.37158
2.62942
2.76428
2.77779
2.69265
2.64346
2.84617
2.9557
2.64039
2.72678
2.5549
2.83299
2.78793
3.04499
2.47226
3.0675
2.82337
2.95648
2.44207
2.54176
2.69057
2.57464
2.93207
3.0083
2.80622
2.90771
2.90929
2.87169
2.51331
2.59049
3.0567
2.7472
2.49377
2.87661
2.77334
2.60944
2.50683
2.92599
2.92291
3.25649
2.6632
2.74092
2.74822
2.98856
3.02634
3.01053
3.15768
2.89392
2.30457
2.50222
2.48612
2.6956
2.6323
2.72994
2.65087
2.55596
2.80343
2.62309
2.41027
3.08534
2.63026
2.51709
2.86042
2.76139
2.31943
2.71911
3.05326
2.60459
2.91219
3.13798
2.82122
2.80341
2.53738
2.84436
3.12865
2.78472
2.97988
2.92723
2.71121
2.80913
2.99639
2.90022
3.32547
2.98085
2.77471
3.05304
2.79872
2.87513
3.27509
2.87997
2.92743
2.81329
2.70662
2.68024
2.69891
2.81958
3.15229
2.40679
2.64417
2.55348
2.8583
2.81583
3.06263
3.22007
2.52257
2.77188
3.00759
2.72764
2.66367
2.90814
2.84414
2.71766
2.95053
3.42652
2.98922
2.74557
2.77837
2.44931
2.48184
2.73805
3.02609
2.72849
2.80335
2.91905
2.7863
2.59762
2.77115
2.82043
2.65129
2.97953
3.23229
2.70634
2.84739
2.79697
2.9225
3.20188
3.42852
3.01548
2.97308
2.7956
2.83971
3.01283
2.80032
3.33994
3.21162
3.1221
3.46353
2.63178
2.62961
3.18645
2.77876
3.06152
3.35897
3.15272
3.20107
3.2494
3.02707
2.80833
3.36552
3.23354
3.02963
2.868
2.73176
2.88537
2.81987
3.0289
3.26213
3.13957
2.72721
2.76692
2.97374
2.77889
3.12883
2.8096
2.72057
3.31783
3.1418
2.84917
3.02693
3.22107
2.94404
3.08838
3.30648
2.91072
3.04744
2.76077
3.16901
3.21516
3.26497
2.78589
3.23279
2.7628
2.63593
3.02307
2.8739
2.62191
2.84068
2.62699
2.81453
2.81232
2.93075
3.21243
2.44906
2.52644
2.91372
2.54836
2.96155
3.17408
2.48988
2.92656
3.12426
2.51562
2.69972
3.02672
3.0873
3.10277
2.98042
2.83937
2.82862
2.95432
2.87832
2.9012
2.9184
2.837
2.88749
2.80964
2.95117
2.98501
2.83025
2.71334
3.12521
2.98796
3.12614
2.60531
2.75785
2.96877
2.7683
2.80075
2.79269
2.99589
2.82489
2.97997
3.32145
2.91365
2.74341
2.761
2.9615
3.36163
2.61557
2.80766
2.79871
2.74285
3.01032
2.94854
2.75528
2.88002
3.00399
2.84954
2.95272
2.72837
2.60698
3.00892
2.82246
2.87162
2.55959
3.01875
2.95895
3.23166
2.69059
2.99441
2.4699
2.71146
2.95718
2.84869
2.48621
2.94897
2.83422
2.8227
2.90028
2.55608
2.7399
2.9884
2.82168
2.17139
3.01516
2.79507
2.7816
3.00789
2.73941
2.84184
2.68373
2.63202
2.89975
2.77797
2.71286
2.68575
2.58604
2.99594
2.90138
3.53279
3.24866
2.82762
2.49323
2.96118
2.75158
2.91319
3.05346
2.72643
3.12744
2.73022
2.67483
3.40764
3.12983
3.21411
3.29681
2.57453
2.71556
2.51571
2.85192
2.59196
3.35276
2.42652
3.14994
2.54392
3.22472
2.67044
3.07723
2.91012
3.09618
3.08174
2.74803
3.11601
2.99953
3.22966
2.81338
3.19089
2.77328
2.65396
3.43701
3.07288
3.32432
2.90591
2.85959
2.59855
3.33847
3.03115
2.79091
3.18112
2.96581
3.10003
2.61228
3.01478
2.32467
2.84265
2.58889
3.00277
2.68016
3.03363
2.9614
2.67234
2.71488
2.76617
2.90437
2.69735
2.49742
3.07348
2.76482
2.32964
2.73691
3.06925
3.19926
2.89579
2.95414
3.03468
2.97104
2.63521
3.30582
3.10219
2.60013
2.69315
2.78702
2.65467
2.50831
2.84346
2.92407
2.92166
2.9079
2.89097
2.66092
2.85326
2.95946
3.06736
2.46505
2.57013
2.9616
2.98546
2.57348
2.67975
3.00305
2.82975
2.82066
2.93414
3.14311
3.03858
3.0412
2.90612
2.89383
2.71626
2.88472
3.14923
2.93932
3.26032
3.13787
2.69523
2.85902
2.57489
3.03601
3.46668
2.77089
2.85914
2.78928
2.87306
2.96171
2.8095
3.26649
3.24156
2.81632
3.3718
2.9953
2.80112
3.00154
2.77618
2.97362
2.82274
3.2691
2.91557
3.22966
2.99594
2.98362
2.54513
3.04215
3.13532
2.95031
2.93878
2.99631
2.88611
3.2038
2.60344
2.94414
3.02657
3.13076
3.06529
3.16483
3.12868
2.98136
2.91197
3.15072
2.7021
3.32659
3.0289
2.49278
3.10236
2.62555
3.08677
2.81381
2.64458
2.99812
3.23151
2.7974
2.92517
3.39386
3.4322
2.86853
2.98302
3.50479
3.12509
2.91552
3.27291
2.99117
2.66823
2.92561
2.6476
2.82417
2.59615
3.28288
3.08116
2.95265
3.32932
3.43373
3.27743
2.91462
2.95765
3.23138
3.16115
2.91509
2.89302
3.23906
3.36178
3.12011
3.16464
2.85517
2.78263
3.11705
3.2204
3.17411
3.198
2.54769
3.0863
3.17218
2.46915
2.82268
2.76497
2.75559
3.37203
3.1243
2.67492
2.88123
2.82381
2.80352
3.17192
2.64926
2.80189
3.5149
3.04528
2.60905
2.86464
2.97996
2.53827
2.73454
2.57159
2.97065
2.71418
2.59488
3.00813
2.40744
3.02469
3.03566
2.8391
2.51912
2.34555
2.92396
3.02059
3.04228
2.61334
2.40766
2.79946
2.9995
2.9238
3.22101
2.90783
3.06874
2.88558
2.95185
3.14748
2.48655
2.97144
2.74135
2.89115
3.18544
2.57753
2.68354
2.93488
2.70293
3.35652
3.32188
2.56569
2.70699
2.85762
2.96546
2.87141
3.02321
2.75435
3.15112
2.286
3.0647
2.94384
2.98346
3.03551
3.06828
2.94449
2.49682
3.32176
3.04899
3.0272
2.77019
3.02694
2.62228
2.86701
3.19355
3.16932
2.67427
2.79549
2.82044
3.08018
2.95085
2.42127
2.95694
3.0096
2.60471
2.8039
2.87868
2.88251
2.97071
2.98541
2.93742
3.23614
2.80555
2.44583
2.71713
2.79396
2.89509
3.2257
2.6716
2.7707
2.84086
2.81662
2.84922
3.28131
2.98208
3.22877
2.73809
2.77412
2.90775
2.8329
2.91534
2.94825
2.98162
2.74512
2.29701
3.26708
2.85208
2.94028
2.94016
2.39827
3.224
2.93542
3.16541
3.20136
2.91262
3.14163
3.03462
2.66055
3.10641
2.59604
2.93843
3.20701
3.20447
2.8095
3.07383
2.83233
2.67278
2.81506
2.78095
2.3012
2.796
2.79678
2.94174
2.55783
2.58307
2.39875
2.72418
2.8739
2.83025
3.09895
3.0346
2.60365
2.50709
2.6578
2.54137
2.70659
2.66914
2.66354
2.73858
2.35695
2.94904
3.02114
2.96348
2.84025
3.1617
2.40327
2.442
3.07689
2.75361
2.61564
2.68805
2.98828
2.7621
2.88709
2.71604
3.01614
2.88332
2.41441
2.52277
2.80199
2.89692
2.6874
3.15376
2.95509
2.74406
3.15418
2.62616
3.15094
3.24461
2.60504
3.36027
2.79688
3.01392
2.98441
3.2383
2.6376
3.12454
3.0224
3.18332
3.05289
3.41811
2.99248
3.17974
3.03215
2.72202
2.95381
2.94778
3.36763
3.03844
3.11275
2.65205
2.94904
3.33164
3.26138
3.0346
3.29028
2.9043
2.74548
2.72861
3.08245
2.87577
2.96197
3.12556
2.92294
2.65168
2.9018
3.11693
2.90632
2.94765
2.89572
3.1994
3.07873
2.85438
2.70975
2.72861
3.42106
3.24825
3.27964
3.0617
2.96139
3.24134
2.73059
2.92683
3.07677
2.8032
2.6806
3.14394
3.08444
2.58656
3.01283
2.77122
2.92876
2.94252
3.29673
3.26554
3.00535
3.28407
2.96461
3.31212
3.1142
2.84077
2.96506
3.12942
2.82952
2.68259
2.7255
2.88433
3.28121
2.87546
2.54113
2.91597
2.53244
2.72929
2.85632
2.56861
3.22571
2.73987
2.76714
2.93953
2.8072
3.00336
3.24557
2.87598
3.09039
2.72517
2.85349
2.49555
2.59327
2.68557
2.66955
2.6503
2.44345
2.96721
2.80626
2.88712
2.88063
3.06468
2.69926
2.47704
3.0057
2.95861
2.82546
2.7951
2.42685
2.63445
3.01224
2.78432
3.06359
3.033
2.86362
2.73734
2.92023
3.13544
2.87527
2.55995
3.01967
2.83951
2.51118
2.50917
2.56248
2.94807
3.08337
2.97304
3.35447
2.93015
2.63611
2.88324
2.77295
2.7298
3.21169
2.87395
2.63838
3.11976
2.69377
3.06028
2.87563
2.83963
2.69271
3.15147
3.15731
2.67238
2.63709
2.73088
3.15105
2.51256
2.78519
2.94052
2.77299
3.11651
3.10962
2.80532
3.13509
2.65391
2.99819
2.42112
2.83647
2.60631
3.12275
3.15844
2.23981
2.7061
2.85715
2.36321
2.21085
2.88663
2.75182
2.9002
2.58859
2.71143
3.00662
2.80363
2.69012
2.94261
2.75318
2.50671
2.93225
3.01783
2.90341
2.80478
2.3459
2.73825
2.92576
3.04431
3.07912
2.93773
2.54341
2.60341
2.44999
3.04388
2.95061
2.62446
2.89583
2.8482
3.26491
2.76048
2.69165
2.7055
2.66099
3.14153
2.41909
2.63172
2.79007
2.82742
2.92324
3.10722
2.71601
2.8259
2.53731
2.3428
2.54062
2.58481
2.48344
3.06279
2.63244
2.57762
2.61821
2.95726
3.26518
2.32811
2.78695
2.3411
2.72101
2.95244
2.7287
2.84192
2.53105
2.88078
2.61971
2.47146
2.51201
2.73022
2.92284
2.61039
2.69686
2.65717
2.97054
2.65486
2.98884
2.6822
2.63643
3.0464
3.21468
2.95057
2.95075
3.35376
2.71888
3.12487
2.74041
2.85359
3.0034
2.50897
2.80345
3.11004
2.50301
3.12305
3.40058
2.91918
2.71921
3.10078
2.7876
2.77808
2.95147
2.79856
3.08412
3.20366
2.8548
2.93593
2.76711
2.97159
2.92286
2.75098
2.94533
2.89918
2.90994
2.96542
3.03338
2.3973
2.93438
2.88994
2.83398
2.41636
2.49856
2.9422
3.17379
2.72407
2.87898
2.88113
2.52944
2.93451
2.58571
2.92194
2.75635
2.82477
3.00482
2.55183
2.88808
2.56145
2.61036
3.23556
2.65059
3.07974
2.86347
2.76798
2.99102
2.88437
2.46966
2.88276
2.60466
2.73485
2.67479
2.78007
2.89699
3.25169
3.02442
2.78406
3.15204
3.31189
2.95911
3.01114
3.56905
3.07393
3.38625
2.78627
2.24341
2.74395
2.46453
2.59252
3.01654
2.94522
3.39675
3.04306
3.03934
2.79769
3.24527
2.82346
2.90088
2.82041
2.89703
3.09814
2.9106
2.85241
2.56299
2.62604
2.86002
3.15343
2.95013
3.24158
2.69604
2.75019
2.74806
2.62218
3.20305
3.06771
3.14889
3.95586
3.05733
2.75546
3.02128
3.068
3.28728
3.24413
3.00889
3.15768
3.12791
2.83662
3.08242
3.05873
3.27991
3.03935
3.32008
3.09389
3.06982
2.82328
2.74437
3.49068
2.94625
3.02845
3.16091
2.88704
3.11616
3.06813
2.95087
3.10679
3.11017
3.1139
2.38831
2.84835
2.79021
2.62386
2.7218
2.57952
3.06545
2.55422
2.85771
2.92965
2.51784
2.55132
2.91449
2.84381
2.38442
2.6922
2.9331
2.96284
2.27762
2.72121
2.69581
2.8641
2.73904
2.79967
2.38457
2.22363
2.86904
2.98126
2.66979
2.90049
2.45189
2.76691
2.59338
2.74553
2.81173
2.91853
2.82856
3.1176
3.15701
2.77132
2.96274
2.52925
2.82659
2.66569
2.68698
2.57146
2.46603
2.94179
2.66152
3.218
2.97431
3.06255
2.83761
3.1531
2.79681
2.55758
3.29843
2.9228
3.21774
2.50193
2.58543
2.57293
2.67181
3.0163
2.83208
3.07356
3.06171
2.96975
2.29771
2.44614
2.74701
3.18164
2.61076
3.01726
2.58363
2.74587
2.95262
3.25327
2.82234
2.8642
2.9321
3.11174
3.14806
3.05063
2.87805
2.91246
2.93177
2.59482
2.69864
2.96409
2.85781
3.01239
3.03076
3.14746
2.51126
2.5853
3.0217
2.56926
3.28854
3.03273
2.81673
2.83011
2.34642
3.49433
2.56357
2.9506
2.82026
3.06249
2.88335
2.90148
3.07734
2.98651
3.12138
3.14778
3.04078
2.97056
2.96053
3.04651
2.36714
2.60361
2.97249
3.15209
3.22625
3.38188
2.76607
2.56016
2.57733
2.92209
2.94514
2.673
3.28786
3.32882
3.42071
2.75499
2.79156
2.99719
2.66559
3.03638
3.14983
2.79474
2.99305
3.07106
2.7238
2.78829
2.76711
3.03875
2.8953
2.70988
2.70761
2.75098
2.69935
2.82045
3.09932
2.93665
3.21576
2.90926
2.65604
2.80281
3.144
3.05952
2.6093
2.95418
3.24667
3.16465
2.9514
3.63877
3.48931
3.17076
3.21349
2.87513
3.0126
2.81273
2.59789
3.00622
2.99038
3.26499
3.21737
2.65436
2.98304
3.19903
3.43686
3.14222
3.16167
3.39758
2.76152
3.00832
3.39484
3.30122
3.11839
3.37446
3.21848
3.24377
2.9376
3.18556
2.91668
3.31601
2.26448
3.08511
3.24315
3.34654
3.06559
3.29865
3.09414
3.14482
2.98199
2.8253
3.36887
2.81911
3.12871
2.57833
2.92438
3.39601
3.27084
3.33909
2.94986
2.6058
3.02194
2.67917
3.10123
2.61659
3.1757
2.99853
3.04923
2.75653
2.99368
3.04002
3.0715
3.25548
3.13409
3.20814
3.00654
2.69229
3.33851
2.58291
3.01985
3.15745
2.80621
2.90235
2.44275
2.9976
2.75365
3.52861
3.06983
2.90724
2.93867
3.17509
3.2949
3.2803
2.82381
3.30205
2.97007
3.00042
2.72574
3.05443
2.92531
2.97134
2.74064
2.581
2.83309
2.89997
2.48081
2.83133
2.67992
2.87651
2.44576
2.96515
2.91114
3.00981
2.90214
2.30738
2.42919
3.08023
2.82089
2.88654
2.76063
2.86333
2.38802
2.96809
2.88193
2.80637
2.92757
2.46893
3.17021
3.21878
2.92937
2.78188
3.26909
2.74204
2.78719
3.05416
2.87294
2.86694
2.69097
2.8677
2.9889
2.86422
3.08008
2.82178
2.8596
2.96482
2.63068
2.8441
2.722
2.799
2.98774
2.70155
2.50377
2.38648
2.66298
2.89597
3.09703
2.9975
2.72371
2.92517
3.04442
2.85844
2.42718
2.94193
2.87075
3.12736
2.9294
2.74909
2.61529
2.82967
2.82073
3.03273
2.77192
3.01045
2.59748
2.41817
2.65393
2.74789
2.79587
2.8561
3.01951
3.1523
2.76939
2.91473
2.61444
2.76903
2.93503
2.9906
3.15429
2.9925
2.53013
2.72665
2.70081
2.98714
2.56184
2.57513
2.97085
2.69478
2.85794
3.38291
2.90052
2.70958
2.49438
2.71062
3.05272
2.94267
2.72562
3.07592
2.6895
2.65281
2.78146
2.93719
3.08383
2.8339
2.73718
2.60311
2.50269
2.59235
2.89208
2.76019
2.49096
2.58975
2.65069
2.44384
3.03567
3.33236
2.80242
2.71432
2.89218
3.16441
3.00608
2.83893
2.82829
3.26995
3.04251
2.62142
2.49059
2.52939
2.90313
3.06515
3.19599
3.27372
2.83153
3.07035
2.72061
2.75194
2.96114
2.72454
2.96006
2.69328
3.0659
2.79219
2.50958
2.95123
2.87935
2.82425
2.83827
2.56253
2.95401
2.6112
2.80444
2.84959
3.07556
2.83176
3.00609
3.1019
2.44244
3.06125
2.78022
2.69057
2.83674
2.76149
2.42283
2.87223
2.57169
2.78066
2.97153
2.73739
2.7949
2.95432
2.86667
3.06387
2.61909
2.79252
2.86881
2.97794
3.20027
2.7273
2.87418
2.78148
2.82257
3.12838
3.02094
3.18529
2.99435
2.95411
3.38833
3.09303
2.60712
3.01959
2.8935
2.85165
3.00215
2.97921
3.30252
2.81957
3.04453
2.91965
2.84387
3.07979
2.89627
2.69077
3.20958
2.8849
2.58006
3.12147
3.10085
3.05365
3.34251
2.75331
3.19975
3.22725
3.0334
2.89566
2.40105
3.17099
2.91686
2.75842
2.97397
2.85532
2.85711
3.0456
2.90263
3.12776
2.96358
2.98797
2.53875
3.03382
3.01377
3.18224
3.11975
2.82813
2.93436
2.89416
3.04506
2.73292
2.47455
2.82928
3.02133
2.62243
2.81567
2.96926
2.82614
2.69476
2.84944
3.22059
2.63376
3.09775
3.04331
2.79733
2.89589
2.88568
2.90136
2.62434
2.89288
2.74043
2.87324
3.16339
3.3636
3.22432
3.00543
2.83269
3.11971
2.90792
2.70682
3.04818
2.60047
2.66267
2.39568
2.41719
2.63519
2.8252
3.03362
2.79219
2.89913
3.06948
2.92472
3.17066
3.00477
2.63186
2.55891
2.9453
2.72744
2.88663
3.02551
2.84265
2.74251
2.72619
2.83089
3.2184
2.77853
3.0052
3.43179
2.8587
2.96179
3.33416
2.74966
2.51041
2.8925
3.34589
2.97185
3.5146
3.12226
3.16911
3.09175
2.79986
2.86514
2.84206
3.48823
3.24276
3.13721
2.95263
3.37387
3.25142
2.8285
2.74819
3.24193
3.20911
3.19711
3.02358
3.41257
2.8639
3.05484
2.87845
2.96934
3.12176
3.13293
2.4011
2.83014
2.94318
2.60239
2.92334
2.86244
2.88571
2.91925
2.96116
3.12384
2.8092
2.79252
2.71293
2.72008
2.94964
3.14932
2.98389
2.68304
2.72309
2.5701
3.00993
3.10588
2.33061
2.8611
2.9012
2.66635
2.78641
2.91135
3.12871
2.99021
3.12478
3.24582
2.99543
2.75673
2.97566
3.24523
2.73059
3.2184
3.1384
