29.1424
28.8442
29.1638
28.8687
28.9497
29.1789
28.9005
28.827
28.9036
28.7712
28.9252
28.8363
28.8571
28.9339
29.1083
29.0281
29.0348
28.6941
29.0208
29.2921
29.0637
29.0447
29.2592
29.1801
28.7517
29.1845
28.4747
28.7415
29.2341
29.1539
29.1176
29.148
28.9934
29.0357
28.8866
28.7039
29.0993
29.2753
29.0247
28.8933
29.203
28.7716
29.2035
28.9091
28.7367
29.2012
28.4521
29.156
29.0524
29.0271
28.9371
28.931
29.1296
28.6858
28.7694
28.9653
29.0128
29.5347
28.7646
29.106
29.2792
28.8008
28.7985
28.9527
29.2312
28.9692
28.7297
29.2073
29.3751
28.65
28.891
29.151
29.083
29.0041
29.0912
29.1189
28.9669
29.2663
29.5283
28.8316
29.0042
28.6129
29.0737
29.5234
29.1607
29.0091
29.2213
29.146
29.3636
29.1334
28.8987
29.154
28.9076
29.3471
29.3951
28.9974
28.892
29.3213
29.0198
28.998
29.0343
28.5581
28.7911
29.1779
29.0331
29.1793
29.1203
28.7658
28.7966
29.0731
29.2244
28.6643
28.9204
29.0012
29.1353
28.8582
29.059
29.0161
29.0646
28.7004
28.738
28.916
29.0511
28.7302
29.1119
29.0436
29.337
28.8706
29.0157
29.0634
29.0547
28.8984
29.1913
29.0742
29.0745
29.0375
29.246
29.2035
29.1599
29.1121
29.0893
28.9374
28.9034
28.9304
28.5833
28.7625
28.9122
28.875
29.2438
28.898
29.281
28.9193
28.5713
28.3342
28.9238
29.1391
28.7282
28.8683
28.9062
28.9151
28.6493
28.9132
29.0029
29.3623
29.0996
28.5142
29.2024
28.842
29.2993
29.0724
28.7818
28.7895
29.1326
29.2891
28.9548
29.2783
29.0775
28.7403
28.5847
29.1006
29.0149
28.9788
29.2498
28.9914
28.8575
29.0077
29.259
28.5602
29.0085
29.2734
29.2152
29.2527
28.7596
29.3306
29.2473
29.2926
28.9304
28.9439
28.9603
29.0988
29.0723
28.8886
28.9826
28.9136
29.0301
28.707
28.9033
29.4958
28.863
29.0699
28.7669
28.8948
29.1338
28.6419
29.4565
28.8262
29.0361
29.0841
28.8994
28.8983
29.0392
28.5713
29.0936
28.8737
28.9317
28.9542
29.4002
28.7722
29.0522
28.9532
28.3735
29.0393
28.9625
29.0194
28.8754
28.6176
28.8307
28.8431
28.935
28.6952
28.9321
29.0713
28.9704
29.15
29.0998
28.8928
29.0718
28.7776
28.7632
29.1613
28.531
28.9471
28.975
28.9357
28.9478
29.2856
28.8809
28.8001
28.7676
28.92
28.5895
28.8638
28.4008
29.2244
29.0842
28.6895
28.4677
29.2466
28.6685
29.4157
28.7386
28.9798
29.2229
28.942
28.8736
28.7376
28.9335
29.4832
29.2505
29.1255
28.7124
28.9065
29.2643
29.4458
28.7702
28.0921
29.0148
28.807
29.2987
28.8846
29.0236
29.3521
28.6354
29.1661
28.8058
29.0298
28.8025
28.9732
29.1231
28.8525
28.996
28.9822
28.7757
29.1268
29.141
28.9451
29.1076
29.0462
28.9883
28.8302
29.372
28.7179
28.8133
28.8852
28.9421
29.0151
29.1613
28.7055
29.2121
29.0211
29.0155
28.9249
29.0346
29.1233
29.1447
29.2141
29.164
29.5109
28.8582
29.078
28.7908
29.3589
28.772
29.1152
29.0905
28.8277
29.2292
28.6528
29.1476
29.2161
28.7427
29.0395
29.0335
28.8058
28.7993
28.68
28.7616
29.0149
29.2866
28.9371
29.1894
29.3467
28.7899
28.7369
29.0167
29.2345
28.7541
28.7159
29.0883
29.316
28.9494
28.6715
28.9162
28.9786
28.9154
29.0977
28.9282
29.0188
28.921
29.1843
28.7303
28.6082
28.8436
29.1956
28.8846
28.5915
29.0489
28.6888
29.3414
29.067
28.9641
28.7787
28.8023
28.9188
29.088
28.8755
28.976
29.2772
29.2332
29.1932
28.7864
28.9694
28.7688
28.9682
28.8587
28.3572
28.9039
29.0932
28.6012
28.5575
28.679
28.9525
28.8921
28.8675
28.8577
28.8415
28.6142
28.8219
28.7872
28.9842
28.7648
28.9184
28.6674
28.7185
28.6336
28.8585
29.2406
28.708
28.7432
28.7363
29.0585
28.692
29.3743
28.8073
28.9947
29.1339
29.2507
28.5821
28.9771
29.3383
28.8217
28.8491
28.4093
28.9566
29.1862
29.1495
28.8405
29.0428
28.9186
28.5542
28.715
28.8985
29.1727
29.1067
29.0487
29.2095
29.0528
28.8281
28.4231
28.6864
29.3337
28.7148
29.1877
28.7848
29.341
28.7974
28.5641
29.1211
28.9088
28.7179
29.1935
28.6185
29.0472
29.2961
28.9924
28.4334
29.4179
29.0224
28.9568
29.1745
28.5465
28.9293
28.9826
28.6342
28.7402
28.816
28.9723
29.0824
28.4023
29.1707
28.9484
28.9854
29.2912
28.9756
29.0027
28.5909
29.1188
28.6745
28.689
28.843
28.5028
28.8347
28.9722
28.9281
28.6622
28.7703
28.5865
28.4593
28.5769
28.9868
28.9454
28.7275
28.8461
29.0649
28.7653
29.0961
28.4534
28.918
28.7569
28.6516
28.9411
29.0533
28.9572
28.8824
28.7185
28.4665
28.6622
28.6421
29.0854
29.1013
28.4051
28.7996
29.192
28.8647
28.652
28.5236
28.5133
29.1248
28.7611
29.0587
28.9507
28.7732
28.5874
28.9925
29.1506
28.3632
28.5113
29.127
28.683
28.8433
28.7967
28.5664
28.4271
29.0412
29.0362
28.6669
28.637
29.0924
28.7745
28.7854
29.1313
28.9219
29.0791
28.7667
28.9245
28.644
29.0125
28.992
29.1516
28.8384
29.3918
28.6781
29.0648
28.7725
28.9344
28.6976
28.8951
29.0383
28.6837
29.0301
28.5212
28.4876
28.7107
29.0735
28.9082
29.0399
29.1632
28.4879
28.725
28.7757
28.6288
28.7009
29.0712
28.9411
28.8427
29.024
28.8656
28.5454
28.9639
28.3627
28.709
28.8685
28.983
28.504
29.1041
28.5853
29.2052
29.0809
28.8108
28.8854
29.0415
28.9111
29.1547
28.9097
28.8636
28.9514
28.8133
28.7142
28.6057
28.9695
29.2601
28.539
28.8169
29.0926
28.7672
29.1471
29.0196
28.6966
28.9869
28.7849
29.3124
29.2199
28.515
28.7003
28.7214
29.0753
28.5831
29.3806
28.712
29.2905
29.5137
28.8236
28.8505
29.0262
28.6552
28.3011
28.747
28.9255
28.5134
28.5077
29.0234
29.1268
28.5628
29.1022
28.9235
28.5292
29.1519
28.7821
28.8473
28.7325
29.1698
28.626
28.7664
28.3114
28.9434
29.0124
28.7171
28.5673
28.8566
29.2192
29.2111
29.2951
28.9572
28.6304
28.7358
28.8286
28.8594
28.8573
28.6147
29.025
28.9464
28.6616
28.8236
28.7693
28.6033
28.4986
28.6883
28.8121
28.5298
28.4183
28.7214
29.0428
28.808
28.6117
29.2323
28.7755
29.052
28.6328
28.597
28.8309
28.9327
28.4769
28.8635
28.6625
28.8683
28.6723
28.6256
28.8146
28.8272
29.1905
28.3257
29.2809
28.663
28.9069
28.7762
28.8815
28.6111
28.8857
28.9935
28.7075
28.3788
28.9141
28.5535
28.9422
28.5889
28.724
28.873
28.7644
29.0569
28.724
28.4721
28.989
29.0017
29.0658
29.0627
28.8429
28.5709
28.4255
28.8825
28.778
28.8488
28.85
28.6305
29.3128
28.7744
28.9621
28.6864
28.5909
28.8144
28.8396
28.8063
28.7621
28.8244
28.8639
28.6384
28.609
28.5078
28.9512
29.1608
29.0509
29.1352
28.7819
28.4095
29.2649
28.5627
28.187
28.6678
28.5192
28.7102
28.7151
29.0966
29.1732
29.1151
28.7168
28.8133
28.8902
28.5752
28.5296
29.0821
28.671
28.525
28.9423
28.886
28.6687
28.7783
28.532
28.6063
28.6846
28.6602
28.7732
28.6088
29.0058
28.4624
28.7552
28.6717
28.5517
28.6899
28.6297
28.79
28.7089
28.8217
28.6344
28.7292
29.2257
29.0508
29.1159
29.0039
28.787
28.8545
28.9506
28.7285
28.7571
28.8468
28.8399
29.1375
28.9689
29.03
28.8624
29.0818
28.8734
28.657
29.2987
28.4669
29.0405
28.747
28.8367
28.9456
28.9781
28.6754
28.7677
28.865
29.3265
28.6492
29.1796
29.0891
28.8628
29.0548
28.7566
28.4758
28.9418
29.0156
28.8594
28.5801
28.752
28.8719
28.8825
28.891
28.8371
28.9816
28.9058
28.9233
28.4129
29.0965
28.8634
28.9219
28.8201
28.7374
28.6794
28.5279
28.8794
28.7053
29.2119
29.0061
28.8736
28.7564
28.9285
28.5497
28.687
29.1781
28.9433
28.4769
28.338
28.8556
28.939
28.8619
29.1207
28.3452
28.8594
28.8975
28.7031
28.8924
29.1486
28.6274
28.8506
28.9194
29.3041
28.6896
29.2063
28.8423
28.7896
29.1151
28.5883
29.0778
28.9981
29.4944
28.6629
29.1063
28.9197
28.9736
28.884
28.5735
28.7474
29.2655
28.6107
28.7754
29.0786
29.0138
29.0407
29.0289
28.8293
28.6827
28.4102
28.5981
29.3271
28.5958
28.6247
28.2344
28.9603
29.3222
28.8788
29.1929
28.8069
28.4423
29.2136
29.2713
29.0452
28.8851
29.1304
28.6883
29.2095
28.7569
29.1011
28.6811
28.6548
28.8522
28.7273
28.497
28.9713
29.0199
29.1273
28.845
29.074
28.812
29.0406
29.0902
28.6836
28.8847
28.5551
28.7043
29.0757
28.5709
28.9571
29.4012
28.7656
28.8041
28.1375
28.8287
28.7498
28.6381
28.5577
28.6905
28.5544
28.6276
28.8879
28.8452
28.7798
28.824
28.5997
28.9262
28.6976
28.2248
28.9228
28.511
29.0196
28.9132
28.9176
28.6975
28.2583
28.9844
28.7759
28.8169
28.9351
28.6136
28.4325
29.1638
28.5225
28.9671
28.5796
28.6667
29.1354
28.8103
28.8199
28.5962
28.7817
28.7964
28.4517
28.4195
28.7666
28.6768
28.575
28.6357
28.9369
28.9681
28.7706
29.3671
28.4198
28.579
28.1179
28.4655
28.673
29.2412
29.1736
28.5598
28.8703
28.4861
28.7518
28.6802
28.5878
29.0658
29.076
28.8263
28.8457
28.8019
28.6546
28.7581
28.8857
28.6265
28.9741
28.7404
28.8812
28.7718
28.7984
29.0536
28.8503
28.3196
28.7625
28.9335
28.2873
28.932
28.9357
28.6409
28.8317
28.3807
28.6756
28.8787
28.9452
28.696
28.7075
28.5369
28.5653
28.7328
28.6761
28.6782
28.3003
28.6042
28.0186
28.8425
28.507
28.899
28.57
28.296
28.835
28.6591
28.7037
28.9097
28.8958
28.6679
29.0139
28.3776
29.142
28.3896
28.9435
28.6449
28.7902
28.7993
28.7257
28.463
28.5536
28.7615
28.8271
28.9862
28.6484
28.582
28.826
29.2198
28.7972
28.7684
28.6487
28.9135
28.9469
29.2884
28.5211
28.5448
28.6911
28.5861
28.8911
28.81
28.7311
28.8693
28.7964
29.1557
28.723
28.9206
29.0005
28.8227
28.6088
28.6774
28.5705
28.895
28.4941
29.3312
28.8415
28.6775
28.937
29.0419
28.6918
28.916
28.6929
28.9327
28.5071
28.7401
28.565
28.8856
28.4836
28.4217
28.4766
28.8616
28.6884
28.7607
28.9617
28.3085
28.8824
28.8713
28.7049
28.5391
29.0055
28.8725
28.5559
28.4068
28.841
28.9548
29.2312
28.9781
28.8483
29.2763
29.186
28.6432
29.1138
28.8317
28.7989
28.8639
29.061
29.0414
28.6728
29.0082
28.7141
28.877
29.2987
29.1976
28.9327
28.7381
29.1338
29.5494
28.6223
28.6937
28.6907
29.0419
29.1262
28.9431
29.0589
28.8798
28.7394
28.7417
28.5272
28.778
29.0879
28.8762
29.1766
28.9051
29.2631
29.1898
29.0328
29.0185
28.7306
28.9755
28.8657
28.9422
29.1572
28.7943
28.8722
28.581
29.0256
28.8441
28.924
28.9354
28.7535
28.8258
28.8651
28.646
28.8002
28.7836
29.0576
29.1654
28.886
28.9872
28.9032
29.0395
28.8768
28.7413
28.9515
28.6467
28.7695
28.5819
29.1836
29.0623
28.6676
29.2733
28.653
29.3258
28.9311
28.7832
28.8333
28.8213
29.2114
28.9394
29.2433
28.6144
28.8908
28.5267
29.2364
29.067
28.9439
29.063
28.9683
29.0113
29.3658
28.7001
28.857
29.4248
29.1405
29.0623
28.5258
29.3538
28.8085
28.7739
28.9229
29.0122
29.1722
29.0178
29.2947
28.9856
29.1479
28.9671
29.0031
29.1582
29.1122
28.673
28.9096
28.7443
28.9333
29.2932
28.8573
28.8696
29.2958
29.3316
29.2693
28.9557
29.0337
29.0477
29.2807
28.6609
28.9772
28.7329
28.7533
28.9265
29.04
28.7978
29.0431
29.2375
28.8848
29.1663
29.0199
28.9771
29.1236
28.8155
29.1413
28.7405
29.0973
29.0065
29.2656
29.1823
28.8997
28.9903
29.1692
29.0101
29.1159
29.0288
28.6993
29.1046
28.9299
29.3274
28.8682
29.1015
28.9273
28.7982
28.6433
28.4093
28.9017
28.6911
28.4748
28.7898
29.1262
28.4254
28.9758
28.985
28.4945
28.9636
28.8341
28.8738
28.9925
29.0161
28.9335
28.9269
29.1725
28.6403
28.6381
28.7058
28.9053
28.622
28.9919
28.6998
28.8842
28.9505
29.189
28.8496
28.7522
28.7811
28.9101
28.5326
28.4494
29.0185
28.9376
29.0273
28.954
28.6617
28.3826
28.4259
29.1245
29.1953
28.6641
28.8819
28.5473
28.4886
28.7009
29.1287
28.7065
28.7819
28.8297
28.754
29.1685
28.948
28.3036
28.6859
27.9587
28.5849
29.1228
29.0054
28.6863
28.9552
28.7719
28.8578
29.1027
29.0781
29.0145
28.8854
28.9405
28.5451
29.0428
28.6651
28.7927
28.7931
28.3849
29.0339
28.5442
28.5527
28.795
28.864
29.2105
28.8089
29.0506
28.822
29.0669
28.3603
29.0469
28.9173
28.6448
28.8589
28.6479
28.8297
28.7462
28.7246
28.4209
28.7395
28.8378
28.7816
28.7589
28.913
28.5172
28.8935
28.7122
28.7015
28.7593
28.8145
29.0113
28.8572
28.8627
28.7092
28.8484
28.588
28.9267
28.7585
28.3864
28.7532
28.8472
28.448
29.0051
28.572
29.1618
28.2752
28.5598
28.7181
28.7848
29.0728
28.4342
28.4527
28.7397
28.9139
28.3787
28.685
28.5272
28.5462
28.7305
28.6371
28.9335
28.5948
28.8815
28.611
28.9119
28.7432
29.0426
28.6976
28.6072
28.6183
28.5632
29.2795
28.2221
28.796
28.7898
28.6129
28.8236
28.7484
28.3008
29.0223
28.7851
29.054
28.5272
27.8647
28.5404
28.782
28.5981
28.6853
28.9348
28.4893
28.637
28.6678
28.8165
28.6157
28.8583
28.769
28.7447
28.7739
28.8263
28.791
29.0503
28.7024
28.8365
28.9704
29.0052
28.7229
28.7175
28.704
28.7732
28.6985
28.9379
29.1838
28.839
28.7989
28.9239
28.9152
28.7227
28.7112
28.8194
28.7818
28.7027
29.0669
28.9071
28.6795
29.3332
28.8542
28.4479
29.1971
28.9915
28.8625
28.6181
28.8788
29.295
28.9555
29.0203
28.5134
28.7112
29.1435
28.8301
28.7936
28.886
28.9607
28.7731
28.8238
29.0586
28.7756
28.7409
28.8878
28.793
29.265
28.6177
28.62
28.8103
28.7301
28.6772
28.8919
29.0509
29.0971
29.0159
29.0646
28.8435
29.2915
28.9297
29.2455
28.5533
28.6238
28.7877
28.3074
29.5252
29.0285
28.9868
28.8685
29.0996
28.6882
29.1326
28.9701
28.9696
28.6934
28.9158
28.7479
29.0198
29.0464
28.734
28.996
28.9108
29.1644
29.362
28.5434
29.1075
28.8005
28.9842
29.0378
28.4187
29.3375
28.9592
29.0275
29.121
28.7345
28.5569
28.9711
28.5815
28.4257
28.6341
28.8144
29.0284
28.7497
28.5876
28.8596
28.9252
28.8346
28.57
28.7832
28.8389
28.8827
29.0157
29.2269
28.9188
28.5033
28.6064
28.3293
28.7708
28.6962
29.1464
28.5748
29.0432
29.2881
29.2246
28.9373
28.5474
28.8181
29.0443
29.133
28.8582
28.7274
28.8783
29.5445
28.8065
29.1588
28.8114
29.0463
28.9416
28.6236
29.141
28.8724
28.9244
29.2688
28.826
28.5347
28.8905
28.7197
28.9386
29.0285
28.7004
28.9592
28.5006
28.7812
28.848
28.971
28.6214
28.661
29.155
28.7464
28.8288
28.8656
28.3661
28.876
29.0343
28.6373
29.0995
28.9777
28.8201
28.7393
28.7581
28.4939
29.2006
28.7435
29.1671
28.8864
28.6311
28.9705
28.649
28.4189
28.2262
28.9274
28.3059
28.8743
28.8987
29.1579
29.2501
28.7895
28.8797
28.4938
28.8163
28.6643
29.1084
29.3008
28.7937
28.9989
28.9649
28.713
28.6511
28.3321
28.7477
28.9257
28.6422
29.3018
28.6728
28.7048
29.0327
28.7923
29.0322
28.7655
28.9614
28.7402
28.7294
28.7751
28.9879
28.573
28.7058
29.0766
29.0485
28.804
29.1729
28.7146
28.9865
28.8811
29.0988
28.7013
28.4691
28.9325
28.476
29.0916
28.8701
28.8063
28.8554
28.3653
29.2832
28.8025
28.7345
28.525
28.8284
28.5982
28.9543
28.752
28.5928
29.1142
28.7566
28.7561
28.6037
28.7212
28.7087
28.9566
28.9035
28.8474
29.1074
28.9203
29.0349
28.9171
29.0153
29.2027
28.9296
28.7949
28.4351
28.6949
28.5014
28.7604
28.9689
28.4084
29.2679
28.7891
29.0165
29.1651
28.8692
28.7483
28.8749
28.7405
29.258
28.6648
28.9639
28.8088
28.7606
28.643
28.688
28.9125
28.5346
28.9783
28.9995
28.9951
28.8107
28.818
28.3696
28.8691
29.2297
28.7086
28.4872
29.1808
28.7525
28.8398
28.5483
28.5865
28.8117
28.8422
28.5761
28.7659
29.1566
28.2925
28.9733
28.8797
28.4538
28.7119
28.2917
29.1292
28.7796
29.0785
29.4335
28.7443
28.6374
28.4928
29.1122
28.6769
28.6357
28.826
28.7919
28.8512
28.694
28.5361
29.0999
28.8371
28.7244
29.0521
29.2572
28.9728
28.5823
29.0666
28.9497
29.0417
29.0759
28.8016
29.1929
29.4703
28.7233
28.728
28.7962
28.9585
28.9313
29.5151
28.6951
29.2545
29.1959
29.0986
28.6697
28.6551
28.7419
29.3527
29.6539
28.7598
29.1621
28.8084
29.05
28.8679
29.0525
29.2444
28.7241
28.9238
28.809
29.1092
29.117
28.7105
29.2342
29.0573
29.0085
29.213
29.2672
29.0357
28.9158
29.1764
28.9572
29.3105
29.0756
28.9836
28.8043
28.7446
29.0007
28.8383
28.5111
29.0626
28.9725
28.8817
28.6017
28.5129
29.1203
29.0062
28.9559
29.1803
28.8751
29.0546
28.5513
28.6239
28.3643
28.7627
29.0883
28.8518
28.6477
28.7823
28.4837
28.6066
28.773
29.1526
28.7645
28.8216
28.5565
28.9071
28.4838
28.4767
28.813
29.1241
28.5809
28.5713
28.38
28.6781
28.681
28.4208
28.8159
29.0544
28.897
28.7329
28.8013
28.7149
28.4968
28.777
28.9722
28.8517
29.3112
29.046
28.6736
28.511
28.656
28.6754
28.58
28.5664
28.9967
28.6897
28.7626
28.7974
28.933
28.5194
28.7537
29.0155
28.5488
28.7818
28.5989
28.6051
28.795
28.447
28.4189
28.7896
28.6226
29.0007
28.4881
28.8408
28.8718
28.5865
28.3631
28.4908
29.0284
28.9265
28.5468
28.5585
28.9055
29.0266
28.9188
28.9826
28.5041
28.8458
28.3049
28.7171
28.6265
28.5884
28.8758
28.9017
29.2173
29.2134
28.8578
28.8339
28.5913
28.6789
28.7792
28.7346
28.7932
28.9921
28.7682
28.666
28.9335
28.7527
28.7259
29.1248
28.895
28.6601
28.8456
28.658
28.7465
28.6517
28.8554
28.9783
28.7492
28.4569
28.7965
28.752
28.6168
28.9177
28.3315
28.8129
28.743
28.7739
28.7718
28.7201
28.7724
28.7681
28.5224
28.4732
28.8601
28.9013
28.7494
28.5558
27.9956
28.8745
28.7796
28.5091
29.0768
29.1443
28.8099
28.7176
28.6141
28.9796
28.9383
28.8476
28.7079
28.8061
28.8255
29.0026
29.1435
29.2386
28.4985
28.797
28.4427
29.3576
28.8106
28.8472
28.8533
28.6174
28.8043
28.8211
28.439
28.6912
28.7672
28.7407
28.8443
28.8292
29.2008
28.9796
28.9766
29.0534
29.0272
28.9862
28.9946
28.9669
29.3399
29.0239
28.8694
28.7719
28.9237
29.2265
28.5405
28.7722
28.3517
28.9785
28.5974
28.9638
28.838
28.7777
28.851
28.6108
28.9756
28.6639
28.9808
29.3795
28.4824
28.7639
28.8116
28.9461
28.5691
28.6709
29.2162
28.6412
28.8498
28.8239
29.0365
28.663
28.6214
28.5388
28.6623
29.368
28.9257
28.7864
29.2753
28.9192
28.7821
28.6828
28.8405
28.5506
29.017
29.0772
29.017
29.143
28.6845
28.956
29.0443
29.1037
28.4346
28.8255
28.5193
28.2608
28.7714
28.9803
29.1509
28.7544
28.8215
28.7681
29.0411
28.8777
29.1621
29.1245
29.0671
29.0659
28.6462
29.0901
28.7564
28.6247
28.5254
29.0761
28.8378
29.0809
28.8947
28.8714
29.1734
29.1677
28.4529
29.1722
28.7183
29.0203
28.7478
28.9302
29.4028
29.0525
28.764
29.1641
28.9387
28.8132
29.1183
28.6194
29.4279
29.2588
29.0567
28.9081
28.6882
28.5885
29.0985
28.9745
29.1389
28.7756
29.0875
29.152
28.8309
28.9675
29.3571
28.9297
28.701
29.06
29.0525
28.6412
28.7101
28.8925
28.9796
28.7778
29.0378
29.1654
29.048
29.0216
28.9715
29.0005
28.6353
28.8764
28.8957
28.601
28.3763
28.8332
28.6436
28.968
29.0459
29.421
28.8149
28.8184
28.8152
28.6325
28.8978
29.2598
29.0911
28.8543
29.2035
28.9178
28.9243
28.5429
28.7459
29.136
28.8339
29.2162
28.8714
29.1304
28.7056
29.178
28.5881
28.7996
28.8275
28.5109
28.456
28.8759
28.8909
29.0755
28.575
28.8188
28.6423
28.4282
28.4822
28.932
29.0897
29.0961
28.7124
29.2016
28.9995
28.6398
29.1132
28.9274
29.156
28.7956
29.0129
28.9474
29.1346
28.9005
29.2089
28.7009
29.1061
29.1051
28.9942
28.7459
28.9788
29.0188
28.6766
28.93
28.8078
29.2081
29.1858
29.2168
29.0089
28.9239
28.6469
28.7873
29.2605
28.8471
28.7272
28.4366
28.8426
28.665
28.8238
29.0603
28.5685
28.6424
29.0412
28.5911
28.8625
29.103
28.9082
29.1257
28.5179
29.0635
29.4057
28.8376
28.9985
28.8846
28.7857
28.8824
28.8392
29.2047
28.7812
28.8931
28.8545
28.9865
28.8044
29.0366
29.1089
28.7645
28.7936
28.6099
29.2336
28.5297
29.1081
28.7139
28.9537
28.9297
28.7479
29.1803
28.9206
28.7946
28.4979
29.1923
29.1021
29.1053
29.0155
28.9053
28.9615
28.6123
28.8027
28.9582
28.517
29.5258
29.4834
28.9124
28.804
28.8459
29.081
28.6133
28.8131
28.4778
29.3303
29.0648
28.8796
29.0897
29.2015
28.9259
29.4086
29.1079
28.6611
28.7846
28.9685
29.323
28.6623
28.8058
29.088
28.3976
28.9699
28.7289
28.8398
28.7162
28.5029
29.0343
28.7909
28.544
28.3341
28.5546
29.089
28.4656
28.447
28.8345
28.4782
28.9141
28.4901
28.3277
28.3731
28.8803
29.0425
28.5429
28.9451
28.6714
28.5968
28.5817
28.8005
28.573
28.9042
29.04
28.2669
28.8921
28.4194
28.832
28.5282
28.4961
28.6633
28.6833
28.9741
28.5496
28.8452
29.0841
28.5163
28.8564
28.6361
28.6648
28.5034
28.6052
29.113
28.941
28.4546
28.962
29.0498
28.4783
28.7547
28.5151
28.9056
28.829
28.6211
28.703
28.7399
28.633
28.6153
28.7949
28.12
28.8981
28.7027
28.4895
28.6832
29.02
28.9394
28.7113
28.5023
29.1127
29.1902
28.6529
28.8242
29.3416
28.8557
28.8477
28.7983
29.1456
28.866
28.8415
29.0246
28.8435
28.9543
28.8382
29.0379
28.4846
29.2147
28.5987
29.0666
29.0768
28.7215
29.158
28.9322
28.9549
28.6224
29.0115
28.4919
29.2498
28.9326
28.7955
29.0538
28.8741
28.794
28.6581
29.1882
29.0942
28.8773
28.8928
28.9243
28.7639
28.6801
28.8557
28.4074
28.8835
28.7946
29.0862
29.279
29.1245
29.0782
29.0961
28.8405
28.9833
29.221
29.0319
29.3935
28.5782
28.5929
29.1644
29.0936
28.9092
28.9851
28.7395
28.5415
28.7417
28.7265
29.0283
29.0253
28.8455
29.0358
28.8374
28.6066
28.8707
29.1048
28.9076
28.915
28.942
28.3933
29.3012
28.8258
28.8908
28.9423
29.1743
28.673
29.1834
28.6939
28.6105
29.1991
28.7248
29.1272
28.6879
28.8877
29.2823
28.4986
28.9008
29.235
28.9082
28.4627
28.9183
29.2072
29.2444
29.6899
29.0965
28.6789
28.7367
29.0459
28.5385
28.932
29.0424
28.89
28.8649
28.2761
29.2335
28.744
28.8211
29.0159
29.1711
29.303
29.0623
29.2512
28.7354
28.9739
28.9833
28.9452
29.1888
29.0684
28.8174
28.7461
28.9901
28.6508
28.9315
28.922
28.7522
28.6728
28.5522
28.7516
29.0808
29.2825
29.3111
28.7349
28.6375
28.7286
28.9221
28.8673
28.7702
29.3666
28.6678
29.156
29.3403
29.3196
29.0043
29.0784
28.8563
29.0397
28.9148
28.7595
29.1044
28.6233
29.0103
29.0919
28.7484
28.6385
28.8677
29.4299
29.052
28.7541
28.8142
28.8419
29.6349
29.3317
28.9781
29.0569
29.2201
28.7849
29.1772
29.075
29.0421
29.0476
28.6298
28.9875
28.7808
29.3558
28.8342
28.5293
28.9678
29.0282
28.8907
29.1465
28.8793
29.2378
28.938
29.1296
29.2329
29.1145
29.4662
28.7928
29.0278
29.3032
28.8893
29.1063
28.9561
28.9964
28.6313
28.8249
29.063
29.3355
28.9135
28.9913
28.6572
28.986
28.7575
28.5901
28.3406
29.0219
28.599
29.0443
29.116
28.7141
28.8749
28.7387
28.6693
29.1253
28.8051
28.7478
28.9298
28.8299
29.0234
28.834
28.7257
28.602
29.075
28.732
28.6646
28.5944
28.3745
28.7848
28.8079
28.4286
28.5441
29.0006
28.7962
28.8428
29.1015
28.8915
28.816
28.5117
28.5814
29.0058
29.2422
28.4451
28.9663
28.9577
28.7447
29.0494
29.2133
28.8615
28.7832
28.674
28.7082
28.7882
28.8586
28.8465
29.1808
28.4514
28.8922
28.7297
29.0752
28.8479
29.1354
28.4626
28.9407
28.6694
28.9468
28.7748
28.9312
29.2441
28.9444
28.9414
28.6127
28.6479
29.2427
28.8338
29.1044
29.5783
28.8425
29.0211
28.9063
28.7979
28.9156
29.3035
28.8147
29.0542
28.4373
28.7215
28.9095
29.0492
28.8842
29.1773
28.8619
28.7871
28.7204
28.6262
29.1978
29.2481
29.0992
28.8493
28.9501
28.9926
28.6567
29.2325
28.7375
29.0095
28.5323
28.6787
28.9828
28.9955
29.0735
29.1163
28.7957
29.2063
29.1252
28.9037
29.0924
29.2153
28.6157
28.8207
29.0128
28.9691
29.1588
28.9006
29.2637
28.7732
28.6778
28.6977
29.3319
29.1098
28.8322
28.8933
28.464
29.0979
28.6005
28.9281
28.9903
28.7445
28.5085
28.9199
29.2149
28.4627
28.6552
28.6333
28.6437
28.8533
28.5696
28.9918
28.7661
28.9095
28.3963
29.0104
28.514
28.6551
28.95
28.9529
28.9986
29.0107
29.1004
28.6818
28.6872
28.4424
28.6554
28.7902
28.8486
28.9866
29.0599
28.6302
28.7584
28.8782
28.9934
28.8521
29.0178
28.6989
28.8301
29.0222
28.7531
28.4695
28.8461
28.9381
29.0227
29.0262
28.5824
28.6076
28.7878
28.9405
28.6708
28.656
29.241
29.1641
28.9094
28.6387
29.2241
29.0254
28.9697
28.6758
28.7628
29.1668
28.3186
28.948
28.7374
28.8587
29.1511
28.5527
28.7716
29.2483
28.775
28.868
29.182
29.1803
28.6717
29.6498
28.7974
29.0799
28.905
28.7034
29.0741
28.7881
29.0155
28.8692
28.8625
29.1705
28.7769
28.7642
28.7774
28.9033
28.8059
28.8429
28.8424
29.0538
28.8924
28.5383
29.0374
29.0479
28.9138
28.708
28.7553
28.6306
28.7666
29.1843
28.7466
28.9489
28.4287
28.6053
28.9335
29.1808
29.0952
28.8585
29.1115
28.8167
29.1775
28.9223
28.8785
29.012
28.7471
28.9817
28.7456
28.9799
28.5945
29.0281
28.8976
28.7332
29.0164
28.5012
28.744
29.1162
29.0067
28.9844
28.9488
28.7048
28.6698
29.5571
28.9169
29.0571
29.2097
28.863
29.1472
28.8746
29.0649
28.8101
28.8635
28.5677
29.0863
28.7344
29.2639
28.977
29.0884
29.0032
28.994
29.2945
28.8228
29.1102
28.8801
28.9588
29.1011
28.6961
29.0248
28.6798
29.1123
29.197
29.2253
29.1245
29.0548
28.8387
29.1048
29.1689
29.1375
28.8888
28.8012
29.1587
29.1236
28.7762
29.2551
29.315
28.788
29.1715
28.7283
29.0538
29.1193
28.9456
28.964
28.786
29.1764
29.0371
29.1355
28.7956
29.1429
28.804
28.7107
29.1992
29.2091
29.048
28.6947
28.7763
29.1569
28.6898
28.5858
28.6428
28.8991
29.1004
29.0847
28.5018
28.5113
29.1181
28.3704
28.9878
28.7235
29.0669
28.6785
28.5868
28.4545
28.4554
28.647
28.6353
28.6506
29.2828
28.723
28.882
28.7336
28.3208
28.658
28.7662
28.5042
28.7922
28.8729
28.633
28.7471
28.6379
28.5539
28.723
28.9179
28.763
29.2282
28.5422
28.9803
28.854
28.8316
28.6819
28.7453
29.1466
29.0574
28.8283
28.7952
28.7698
28.8836
28.9778
28.9247
28.7176
28.6958
28.7231
28.7676
29.0001
28.779
28.7341
28.8909
28.3756
28.5413
29.085
28.9413
29.0255
29.1824
28.8909
29.3971
28.8022
28.9106
29.2572
28.8617
29.1859
29.0404
29.0119
29.2863
29.0312
29.5563
29.0397
29.2271
28.7148
29.6876
29.3831
29.0569
29.5893
28.7472
29.0866
29.1999
29.0699
29.3684
29.0361
28.7835
29.3466
29.0815
28.9609
29.136
29.4327
28.924
29.0881
29.0949
29.4999
28.9839
29.057
29.1895
29.0703
29.2621
29.1021
29.0272
29.037
29.2171
29.366
28.9061
28.9931
29.291
29.3512
29.216
29.1413
28.7271
29.2211
28.7908
29.1628
29.1875
29.2273
29.2073
29.3262
28.7023
28.7581
29.015
29.0592
28.8851
28.7369
28.8808
28.6873
28.6156
29.2394
29.286
29.0846
29.2958
29.0726
28.8287
29.1315
29.036
28.847
29.1047
29.1305
29.2929
28.8638
28.8189
28.9922
28.7868
28.8674
28.6724
28.9503
28.8728
28.9945
28.9149
28.8008
29.0711
29.2602
28.7422
29.2773
28.7374
28.8552
29.1449
28.8229
28.9904
29.0921
28.8817
29.0448
29.3041
29.0382
29.0577
28.8749
29.1479
28.9119
29.3296
28.5976
28.9112
28.6373
29.0427
28.8818
28.8956
29.1216
28.9873
28.7367
28.9495
28.8769
28.9166
29.1702
28.5916
28.8108
29.2605
28.4917
29.1013
28.9009
28.7752
29.1963
29.1199
29.0812
28.5644
28.6605
29.2288
29.2161
29.1414
29.2962
29.3987
29.0321
29.1362
28.6767
29.2437
28.808
29.0522
28.7777
28.6357
29.2609
28.9676
29.1437
28.9114
28.7701
28.9489
29.1413
29.2576
28.7547
28.9641
29.081
29.3381
28.6351
28.8951
29.0444
28.759
28.7516
28.9411
29.2614
29.1795
29.0815
29.0271
28.6873
29.1357
28.7685
29.3128
29.0433
28.9686
29.2686
28.9931
29.1105
28.8481
28.9881
29.0948
28.7561
28.5565
28.7013
28.9117
28.9013
28.9834
29.2838
28.9385
29.1914
29.1946
28.9538
28.8202
29.0899
29.1138
29.1313
29.0564
28.9385
29.2986
28.9817
28.9552
28.9846
28.6424
28.8495
28.6928
28.9196
28.7564
28.6003
28.7163
29.0314
29.2288
28.8061
29.1613
28.7037
28.8914
28.7947
28.9326
28.3856
29.0093
29.0627
28.9574
28.9237
29.067
29.3064
29.1276
28.7221
28.8754
28.7468
28.7893
28.6805
28.6719
29.1356
28.8891
28.9847
29.0835
28.6552
29.2094
28.9942
29.0717
29.1906
28.5706
29.2166
29.2283
28.8802
29.0371
29.2677
28.941
29.2496
29.0035
28.9281
28.9028
28.9511
29.0387
29.5609
29.0172
28.7649
29.2471
29.2097
28.6806
29.1543
28.9136
28.9056
28.6759
28.8462
29.1293
28.6201
29.1635
29.1606
28.9814
28.9661
28.9468
28.8363
28.916
29.0886
29.2448
28.7863
28.9435
29.3908
28.9633
28.8219
28.7786
28.9296
28.6445
29.2583
29.4356
28.928
28.6176
28.7894
28.6246
29.1526
28.9248
29.2335
29.2781
28.7075
28.5479
28.8709
28.7448
28.6776
28.5687
29.0295
29.2849
29.4559
29.0056
29.1172
28.7555
29.0284
28.9325
28.9274
28.2842
28.8806
28.975
28.7521
29.027
28.7262
28.8717
28.6778
29.0743
28.8415
28.8891
28.6067
29.25
28.9261
29.0148
29.0032
29.08
28.7551
29.1707
28.9071
28.9666
29.1562
29.0897
28.9973
28.7274
28.8425
29.0527
29.3128
29.2979
28.8268
28.8501
29.1944
29.1308
28.8769
28.8529
28.8242
28.6999
28.7341
29.106
29.0037
29.1322
28.8301
28.8099
28.8295
29.1664
28.6116
29.1867
28.9107
29.2146
28.8895
29.0538
28.7466
28.8374
28.8301
28.8549
28.8795
28.8178
29.2224
29.0169
29.2115
28.6739
28.6024
29.0336
28.9395
28.8217
29.0698
29.1054
28.8105
28.792
28.6809
28.9803
29.1106
28.8487
28.8734
29.0403
29.0686
28.8598
29.3139
29.2781
29.0114
28.6235
29.0606
28.7722
29.1567
29.0391
29.0743
28.8429
29.2987
28.8258
29.0913
29.1597
28.7742
29.2747
28.8949
29.0801
28.9956
28.8486
28.9568
28.9806
28.5763
28.4235
28.8413
28.9026
28.7607
28.9068
28.9119
28.9844
28.8468
28.8891
28.7813
28.7585
29.0561
28.3426
29.2526
28.8437
28.9124
28.9596
28.3952
28.9228
28.7062
28.9439
28.4435
28.1214
28.7586
29.0041
28.6871
29.2099
28.7483
28.636
28.724
28.7618
29.0475
28.8215
28.8067
28.9411
28.9812
28.9109
28.9557
28.8627
29.0223
28.9101
28.477
28.9862
28.7986
28.653
28.8363
28.6041
28.9845
28.6745
28.9922
28.7239
28.8064
29.2141
28.8198
28.6689
28.3965
28.5247
28.9187
28.7406
28.6308
28.5503
28.8445
28.8007
28.8306
28.4809
28.5097
28.6643
28.4776
28.6462
28.6124
28.6466
28.3757
28.3184
28.5787
28.604
28.894
28.6087
28.716
29.0351
28.4129
28.7126
28.7469
28.8189
28.5367
28.7737
28.9445
28.7299
28.7297
28.8
28.4354
28.7016
28.6088
28.7185
28.6231
28.645
28.837
28.6658
29.0466
29.1338
28.7305
28.4285
28.7458
28.4124
28.7965
28.6339
28.9061
28.6841
28.5831
28.7724
28.9468
29.2651
28.9434
28.5971
29.4005
29.3381
29.2391
28.4447
28.5087
28.6095
29.0086
28.9675
28.9828
29.1659
28.5755
28.9462
29.1922
29.1103
29.0288
28.9353
28.7804
29.1735
29.0556
28.8919
28.8287
28.8375
29.2491
29.0199
29.1999
28.8997
29.1361
29.1097
28.8881
28.7063
28.9775
28.8572
29.0991
29.1834
29.0114
28.9979
28.8189
28.8423
29.0131
28.9343
28.7698
28.8564
28.5963
29.4832
28.5367
28.8021
29.2558
29.0292
28.8948
28.5669
28.9418
28.6073
29.1396
28.4928
28.9649
28.4699
28.5447
28.8301
28.705
29.3327
28.9154
29.0725
28.4852
28.9117
28.4478
28.5855
28.5959
29.1313
28.6126
28.6626
28.8164
28.7085
28.4221
28.6419
28.6878
28.9744
29.0043
29.135
28.9524
28.7298
28.4971
28.7663
28.5017
28.7835
28.6765
28.3312
28.4239
28.9846
28.8713
28.6774
28.3991
28.7754
27.9451
28.7717
28.4639
28.956
28.843
28.6516
28.7172
28.2328
28.8716
28.8681
28.7998
28.6354
29.1441
28.9511
28.8028
29.1897
28.5004
29.094
29.1877
29.2401
29.1124
28.53
28.6324
28.9365
29.1239
28.6669
28.7639
28.728
28.7331
29.1725
28.8826
29.1125
29.3482
28.9939
28.9905
29.023
28.9411
28.954
29.14
29.0522
29.0168
28.5867
28.6558
28.6941
29.0141
29.0006
29.0906
29.0496
28.8123
29.2731
29.1273
28.4296
28.7675
28.212
29.0433
28.6367
29.1679
28.7209
29.0563
28.4254
28.9783
28.7917
28.8862
28.7232
28.5667
28.9007
28.5915
29.1988
28.9799
28.9834
28.646
29.1177
29.2112
28.6138
28.9802
28.8072
28.5058
28.7793
28.721
29.1128
28.7784
28.9381
28.9327
28.533
28.8754
29.2659
29.4103
29.1174
29.0175
28.9844
28.8634
29.2362
28.8245
29.2989
29.0109
28.8217
29.1164
29.0562
28.9374
28.8387
29.0817
28.5762
28.892
28.9161
28.9861
28.9626
28.939
29.0887
29.1239
28.698
28.8415
28.716
28.8833
28.7599
28.9274
29.0377
29.0144
29.3032
28.9572
28.8928
29.1284
29.0045
28.8466
29.0727
28.7923
28.8957
28.6003
28.5361
29.038
29.2292
28.7143
28.906
28.4623
28.8519
28.8591
29.1739
28.8626
28.8784
29.1241
28.8814
28.3784
29.0367
29.1462
28.9755
28.8681
28.8657
29.008
28.8734
28.9342
29.0454
28.8515
28.5135
28.816
28.7606
28.8785
28.5932
28.7876
28.2797
28.7762
28.4233
29.062
28.7981
28.9353
28.9941
29.4208
29.0666
28.9287
28.7666
29.0246
28.5168
28.7862
28.5901
29.3339
28.8836
28.8252
28.7656
28.8809
28.539
28.8339
28.9866
28.7674
28.8492
28.8805
28.8713
29.0122
29.0154
29.2646
29.0466
28.8352
28.5365
28.913
28.8203
28.9733
29.0552
29.1203
28.9302
29.4056
28.7495
28.7409
29.2858
28.9695
28.7954
28.9958
28.9103
28.6421
29.0247
28.9329
28.7375
28.697
28.5152
28.7073
28.7662
28.8605
28.9281
29.1483
28.9718
29.0289
28.151
28.759
28.8839
29.2899
28.9931
28.519
28.8904
28.7101
28.9187
28.6597
28.6651
28.7918
29.1807
28.5072
28.9047
28.9212
28.8486
29.1164
28.6364
29.0537
28.9984
29.1387
28.8225
28.5145
28.852
28.8109
28.8912
28.7472
28.3634
28.6021
28.1936
28.728
29.2361
29.1395
28.9831
28.5541
28.7962
28.865
28.4682
28.8393
29.1856
29.2229
28.8209
28.8567
29.0559
28.1861
28.7437
28.946
28.6785
28.6997
28.731
29.092
28.5326
28.9611
29.023
28.5697
28.9752
28.7563
28.9323
28.9903
28.7581
28.9932
29.0071
28.7594
28.9668
28.6307
28.7821
29.0027
28.8326
28.9763
29.0308
29.0716
28.7911
29.6015
28.6547
28.9605
28.5647
29.3664
28.4672
28.801
29.1469
28.7391
29.0133
28.665
28.5796
29.0346
29.2223
28.9348
29.1207
28.826
28.4941
28.5009
29.195
28.4757
28.4345
28.6936
28.603
28.9174
28.8384
28.9268
28.6659
28.6854
29.0247
29.0455
28.8452
29.1644
29.2113
28.6215
28.4656
29.0156
28.7953
29.3249
29.1809
28.9802
28.9436
28.4754
28.5804
29.0477
28.7482
28.4927
28.6902
28.7235
28.5095
28.4879
28.4907
28.808
28.6772
28.7122
28.9329
28.8887
28.9408
28.663
28.8667
28.9691
29.2313
28.2987
28.901
28.9745
28.9384
29.0153
28.8415
28.8576
28.693
28.6388
28.9031
28.5423
28.8082
29.0835
28.84
28.9615
29.1529
29.1262
28.7051
28.6123
28.6514
28.7779
28.8218
28.8029
28.998
28.8921
29.0147
28.9628
28.7268
28.6647
28.6436
28.6398
28.6417
28.6589
29.081
28.9521
28.4748
28.7632
29.0656
29.266
28.6731
29.0033
29.0938
28.4259
28.8034
29.0965
28.9255
28.708
29.0933
28.8727
29.437
28.9886
29.008
29.0222
28.7152
28.7695
29.1044
28.8302
29.0915
29.0004
28.5642
28.7684
28.5799
28.9856
29.0321
28.984
28.9659
28.8253
28.6318
29.139
29.0181
28.702
28.4656
28.8255
28.3253
28.8249
28.6979
29.0495
28.7237
28.8311
28.9148
29.2594
29.1781
28.7718
28.9643
28.6602
29.1056
28.927
28.7956
28.9979
28.9531
28.9797
28.8512
28.7194
28.8265
28.8355
28.8814
28.7247
29.2649
29.0999
28.9607
29.1304
28.9735
29.1737
28.6542
29.245
29.0523
29.4379
29.1515
29.1083
28.8773
28.6948
29.4325
29.4466
28.8316
28.7752
28.7587
29.2229
28.8719
29.2693
29.1747
28.7483
28.9572
29.0326
29.2576
28.9076
29.3023
28.9515
28.9792
28.9622
28.8873
28.7906
29.2039
28.8144
29.1492
29.3655
29.0783
29.0847
29.1763
29.551
29.1217
29.3348
29.1016
29.0088
29.4062
29.117
29.0926
29.2216
29.3671
28.8398
29.1669
29.1187
29.3146
29.0665
29.0492
28.9315
29.1532
29.0818
29.2497
29.0309
29.1558
29.1807
29.0786
29.1328
28.6789
28.9696
28.8536
28.6552
28.5722
29.082
28.6211
28.9723
29.3044
28.8865
28.9403
29.1578
28.7178
28.4868
29.2829
29.1883
28.8204
29.0274
29.0106
28.8961
28.6735
28.8927
29.1206
28.8246
29.0165
29.1131
29.0294
29.165
29.2188
29.296
28.9866
28.7657
28.8714
28.8603
28.9477
29.1461
29.0106
29.2562
29.0196
28.5963
29.089
28.8369
28.8126
28.9925
29.2582
29.1214
28.9766
29.1504
29.2263
28.908
29.1698
29.0982
29.1547
28.9969
29.0391
29.366
29.3543
29.2862
29.0839
29.2135
28.9205
29.0177
29.0433
28.927
28.9655
28.9344
29.061
29.0313
29.1119
29.3587
28.8871
28.9863
28.6705
28.9706
29.3509
28.7124
29.3666
28.8909
28.875
28.5976
28.7434
28.6059
29.0277
28.9909
28.8048
28.6218
28.8217
29.3399
28.6638
28.7275
28.7894
29.3641
29.0439
28.7444
29.0521
28.9113
29.1665
28.6057
29.24
29.1485
28.6997
28.8979
29.1231
28.803
28.9901
28.9066
28.9003
29.0621
28.7763
28.4958
28.5693
29.3397
28.9159
28.9746
29.0003
28.7197
28.9469
28.415
29.1046
28.5275
28.9542
28.9199
28.7203
29.0641
28.9697
29.1371
29.2226
28.4511
28.9949
29.1134
28.6301
28.9096
28.8044
28.6224
28.7176
28.9632
29.1378
28.5997
28.7204
28.8044
28.8575
28.5588
28.7728
29.1056
28.9254
28.6375
28.9001
28.3754
29.0072
28.7854
28.5237
29.5273
28.9436
28.9815
29.0126
28.6574
28.6455
28.6417
28.7656
29.0884
28.2889
28.837
29.1092
28.2474
28.707
28.6586
28.9862
28.7968
28.9241
28.6751
28.5241
29.048
28.6361
29.3308
29.0891
28.8313
28.8897
28.7756
28.9845
29.0285
28.7717
28.4083
28.794
28.6015
28.6495
28.7095
28.7235
28.7929
28.4554
28.6587
28.5031
28.8157
28.626
28.7984
29.1322
28.6804
28.6777
29.172
28.9379
28.8348
29.2484
28.6018
28.7247
28.6705
28.6577
28.9767
28.6175
28.6988
28.8573
29.0254
28.4142
29.0974
28.9034
28.9621
28.8245
28.6572
28.6747
28.9353
28.9347
29.1054
29.0897
29.1071
29.4303
28.8352
28.8403
28.844
28.4104
28.5582
29.1533
28.7725
28.9289
28.9487
28.9032
28.7237
29.3674
28.5413
28.7855
28.8772
28.8212
29.1288
28.9531
29.0084
29.1203
28.5231
29.2564
28.6477
28.934
28.9082
28.8458
28.9912
28.4471
28.7746
28.6112
28.9159
28.5971
28.8209
29.1881
28.6678
28.9137
28.549
28.5916
28.958
28.6012
28.9844
28.7284
28.8775
29.0628
29.1661
28.9635
29.1054
28.9192
28.6258
28.9173
28.8425
29.0749
28.9723
28.965
28.7872
28.9972
28.7182
28.9869
28.9845
29.4116
28.5778
28.683
28.9992
29.1499
28.988
28.9489
28.9186
28.7177
28.8969
28.6958
28.8025
28.6408
28.7996
28.898
29.0459
29.0451
28.8653
28.99
28.9051
29.0957
29.1067
28.2668
28.6986
28.9864
29.1644
28.6822
28.8045
28.7013
28.823
28.8685
28.899
28.8593
28.5451
27.986
28.3186
28.9938
28.701
29.0717
29.2935
28.5613
28.4954
28.9439
28.7584
28.7761
28.7997
28.8009
28.7854
28.9665
28.8968
29.0853
29.0392
28.8877
28.8902
29.1145
29.2994
28.9842
29.0142
28.5843
29.0616
29.0988
28.8329
28.6495
28.9375
28.9574
28.8214
28.6578
28.9236
28.8863
28.805
29.1134
28.6232
28.9001
28.9641
28.9956
29.1245
28.8656
28.7775
29.0158
29.0653
28.9642
29.0322
28.7832
28.8567
29.2556
29.5319
28.9141
28.7733
29.0384
28.7667
29.0669
28.6708
28.9654
28.9004
29.0981
28.6865
28.8771
29.1885
29.0233
28.8135
29.3424
28.9113
28.6935
28.4562
28.8079
28.6409
29.0125
29.0793
28.9817
28.7674
28.6746
28.8146
29.0072
29.0583
28.9322
29.2711
28.9564
28.9442
28.5499
28.9675
28.6025
29.1024
28.9704
28.7108
28.5435
28.808
28.6554
29.2323
29.2883
28.9699
28.5716
28.8468
28.5338
28.6808
28.9811
29.2942
29.1312
28.8826
28.714
28.6583
28.6082
29.2127
28.9789
29.2295
28.8576
29.0042
28.6977
28.8015
28.7514
29.0783
29.0201
28.5329
28.9614
28.5159
29.476
28.8299
29.0869
29.1718
28.9032
28.9046
28.5455
28.8778
28.8284
28.9307
29.1623
29.0499
29.3262
28.8537
28.5981
29.1049
29.0738
28.895
29.0276
29.0423
29.0065
28.7612
28.8212
28.8672
28.3694
29.1017
28.509
28.6891
28.7921
28.7942
29.2493
28.5766
28.5445
28.5599
29.1311
28.8724
29.0886
28.7993
28.9925
28.3116
28.907
28.8526
28.5767
28.8257
28.7806
28.5957
29.0595
29.0683
28.9745
28.9394
28.48
29.037
28.7137
28.4083
29.0417
28.5402
28.9633
28.8716
28.8236
29.3723
29.0194
28.7929
29.0115
28.8232
29.0025
28.9342
28.8324
29.1488
28.6487
29.2494
28.6484
28.9805
28.9866
29.0838
28.8498
28.2378
28.6898
28.5246
29.0499
29.1178
29.1547
29.0579
28.7641
28.9093
29.4675
29.2133
28.873
29.1111
29.0661
28.9805
28.8366
29.2047
28.8691
28.9697
28.6004
29.2142
28.672
29.017
29.129
29.1081
29.2111
28.751
28.9493
28.9212
29.1513
28.9233
28.7701
28.7837
29.1803
28.8476
28.7097
28.9219
28.8681
29.2629
29.0353
29.0922
28.7976
28.9874
28.5701
28.9218
28.6949
28.9204
28.8612
28.6294
28.6118
28.9765
28.7483
29.5013
28.8715
28.7988
29.1794
29.3278
28.608
28.7486
28.5028
28.9809
28.7047
29.13
28.8588
28.8227
28.9526
29.0659
28.858
28.9828
28.5628
28.5435
28.6695
28.8719
29.2465
28.7296
29.2823
28.8172
28.9864
29.0724
29.3707
28.8652
28.8887
29.0977
28.9774
28.86
29.1246
29.2199
28.8146
29.514
29.271
28.6841
29.0906
28.6182
29.0612
28.9143
28.8691
29.0544
29.0292
29.3863
28.8971
28.8366
28.8221
28.5205
28.8896
28.9535
29.2732
28.8507
28.9335
29.0563
29.0256
28.4915
29.1027
28.3872
29.5653
28.5632
28.7897
29.1431
29.1012
29.2445
29.0907
28.8715
28.7927
29.1899
29.2794
28.7278
29.046
28.6945
28.7727
28.81
28.4834
28.5114
28.6396
28.8948
28.6609
28.8527
28.7134
29.0304
28.6177
28.9502
29.0146
29.182
28.8498
28.8994
28.7185
28.6171
29.0412
29.0213
28.4087
28.9486
28.6909
29.1606
28.7874
29.263
29.131
28.408
28.8461
29.1502
28.8087
29.1041
29.3282
29.2213
28.9528
29.057
29.0465
28.678
28.6769
28.6752
28.9795
29.096
29.0724
29.2364
28.6558
28.7301
29.0059
28.9994
29.1741
29.107
29.2393
29.0638
28.8337
28.7155
28.9471
28.6197
29.0811
28.9843
28.7198
29.2194
29.1564
29.1335
28.9286
28.902
28.4049
29.0186
29.2122
29.2244
28.7694
28.7738
28.7531
29.0187
28.7187
29.1251
28.9262
28.9751
29.0329
29.1554
29.0556
28.542
29.0414
28.9003
28.8705
28.7505
28.5667
29.0001
28.9473
28.6686
28.9978
28.7129
28.9623
28.6955
29.2024
29.2569
28.9544
28.5832
28.9386
28.5449
29.2457
29.0873
28.7617
29.3916
28.7918
28.6723
29.0919
29.138
28.7243
28.5371
28.9992
28.664
29.2806
29.0375
29.0815
29.1026
28.6582
28.9189
28.9589
28.9723
28.911
28.466
29.0201
28.7411
28.3595
29.3343
29.0412
28.8431
29.0366
29.2753
28.8065
28.835
28.4322
29.3092
29.3069
28.8679
29.3172
28.8438
28.9694
28.6314
28.4653
28.6951
29.0816
28.9514
29.5221
29.0431
28.6729
29.0204
28.7237
28.093
28.9607
28.5857
28.789
28.7478
28.6693
28.375
28.6737
28.91
28.7906
29.1012
29.1054
28.4356
28.8441
28.9917
28.7212
28.6568
28.7134
28.5568
29.0336
29.1989
29.2448
29.0547
29.2786
28.7663
28.8964
28.8356
28.4246
28.9667
29.2414
28.8589
28.8515
29.2556
29.3844
28.2844
