12.8416
13.5235
13.0115
12.9365
13.0158
13.219
12.9423
13.0303
12.8214
12.9975
13.1503
12.899
13.1648
12.6349
12.817
13.1989
13.0471
12.8255
12.8957
13.3287
13.1936
13.1836
12.7732
13.2984
12.6449
13.1815
12.5971
12.6148
12.9379
12.8514
13.2489
13.2404
13.0398
13.2893
12.8119
12.7173
13.1293
12.8995
12.9322
13.0483
12.9087
12.7899
12.9516
12.9461
13.0654
12.9129
13.0539
12.6058
12.6214
13.0202
12.9057
12.671
12.4552
13.0996
13.239
12.6503
12.7176
13.0416
13.0846
12.8448
12.7352
12.7041
12.6617
13.016
12.8973
12.6204
12.8471
12.8042
13.1019
13.2089
12.7394
13.03
13.0954
13.0431
12.8941
13.0332
13.3563
12.9112
12.7645
12.962
12.965
12.7985
12.7664
12.9083
12.5547
12.92
12.6
12.9921
13.0251
12.8829
12.9389
13.0444
13.0459
12.8272
12.9039
12.681
13.0018
12.84
12.8249
12.7111
12.6658
12.7143
13.1006
12.9966
13.1591
12.7619
12.8945
13.0452
12.7398
12.922
13.0379
12.6005
12.9306
13.0322
12.4299
12.9346
12.7258
13.239
12.9087
12.9009
12.8449
13.0982
12.8061
12.922
12.5948
13.1309
12.9072
12.7776
12.7579
13.5454
12.8658
12.7357
12.8285
12.8792
13.0535
12.8658
12.5157
12.9883
12.9804
13.0638
12.9396
13.1297
12.7925
12.6579
13.0377
13.0809
13.1089
12.8732
13.3836
12.6787
12.6855
13.0387
13.1407
13.1742
12.6443
12.8946
13.052
13.2814
13.0225
12.8053
12.35
13.0185
13.4392
12.8714
12.8591
12.5578
12.6448
12.5243
12.9066
12.9423
12.9872
12.6331
12.9538
13.0204
13.0267
12.9182
12.685
12.7937
13.0026
12.6308
12.8135
12.4238
12.8822
13.1041
12.8236
12.8744
12.9863
12.5978
13.1206
13.1241
13.0767
13.131
13.2111
12.8155
13.0693
12.4766
12.4423
13.0906
13.2563
12.7768
13.2104
13.3275
13.08
13.1762
12.9562
13.3106
12.8089
13.6467
13.1032
13.502
12.8627
12.981
13.1056
12.9996
13.221
13.3904
12.6424
12.6965
13.2883
13.2556
13.3184
12.5151
13.0312
12.8392
12.7574
13.1793
13.1101
13.1036
12.7636
12.8561
13.1687
13.198
13.17
12.9696
13.3195
13.2121
12.8418
12.8379
13.345
13.3714
12.7481
13.3043
12.9795
13.1541
12.9672
13.4098
13.2199
12.6436
13.1757
12.9081
13.5117
13.1181
13.126
12.9723
13.1037
13.3506
13.462
12.828
13.5209
13.1201
13.2367
13.5315
13.0548
12.8008
13.3738
12.9948
12.4055
12.8409
13.0442
13.3346
12.8895
12.9334
12.8382
12.9686
13.1665
13.2247
13.0529
13.3637
13.0852
12.7091
13.3708
13.1139
13.3438
13.1742
13.3366
13.3658
12.9054
13.1641
13.1981
13.4003
13.2879
12.7932
12.6333
12.8827
13.0709
12.8782
13.1304
12.3802
13.1038
13.1293
12.763
12.8969
12.9993
13.5604
13.015
13.0649
12.8365
13.0559
12.7238
12.5667
13.2096
13.187
13.0677
12.8098
13.242
12.5925
13.0156
12.4951
13.2517
12.8819
12.9435
12.6374
13.4449
12.8197
12.9669
12.9958
12.8968
13.2747
12.8623
12.9576
13.181
12.6894
12.994
13.0454
13.064
13.0539
13.0762
12.6736
12.6269
12.9111
13.009
13.126
13.1078
13.1038
12.2204
12.5568
13.0932
13.0112
12.7925
13.443
13.1268
12.8772
13.2034
12.8067
12.7922
13.3135
12.9378
12.8175
13.085
13.0593
12.6881
13.3433
12.5862
12.7818
12.9653
13.3637
13.3907
13.0735
12.5934
13.1089
13.1113
13.1103
13.2735
12.6762
13.2692
12.7407
13.0767
13.4318
13.2622
12.8662
12.9227
12.6244
13.1465
12.8369
12.9444
12.9975
13.0045
13.0953
13.0543
12.959
12.9832
12.8912
13.278
13.1933
13.0519
13.1242
13.1512
13.3026
13.2297
12.8726
12.9795
13.1193
12.7711
13.219
12.7496
12.8842
12.9124
12.7643
13.0461
12.424
12.6714
12.8572
12.9849
13.1887
13.1737
13.0011
12.701
13.1615
13.032
12.9805
13.2737
13.287
12.7693
13.4998
13.2219
12.8424
13.0607
13.1258
13.2715
12.7059
13.3313
13.2471
13.5689
12.9969
12.731
12.9178
13.4244
13.0689
12.9408
13.3279
13.0814
13.3066
13.2684
13.0075
12.9801
13.2149
13.0529
13.0448
12.8529
12.8979
13.2403
12.9233
13.0255
13.2424
13.0636
12.8927
12.9082
12.8932
13.2118
12.7237
13.0598
13.3928
12.8241
13.0525
13.0999
13.3729
13.3899
12.6897
13.2219
13.2687
12.9664
13.0732
12.9424
13.5194
13.31
12.6921
13.1543
13.2064
13.1561
12.9574
13.3228
12.8864
13.2871
13.0159
13.0148
12.5583
12.8672
13.1644
12.6647
12.8755
12.8984
12.8263
13.1224
12.7261
12.9769
13.2162
12.6235
12.7553
12.6181
12.9957
12.9246
12.7406
12.4997
12.9424
12.858
12.5156
12.6384
12.9035
12.683
13.1807
12.4921
12.91
12.7151
12.6411
12.4989
12.8337
13.205
12.6132
12.8233
12.9767
12.5853
12.803
12.9275
12.6071
12.9322
12.8591
12.8518
12.5415
12.6721
13.0041
13.0337
12.8139
12.5001
12.997
12.7233
12.8156
12.9667
12.6302
13.0574
12.7977
13.0652
12.9029
12.8241
12.9907
12.9369
12.6578
12.8938
12.8552
13.1222
12.6543
12.4731
12.4638
13.0233
12.5908
12.552
12.7276
12.5147
12.5674
12.7424
12.9898
12.7099
12.8496
12.8593
12.8582
12.6821
12.7403
12.75
12.9402
12.7488
12.7506
12.8011
12.9836
12.957
12.6667
13.2042
12.574
12.9227
12.9347
13.0754
13.3239
12.9934
12.9338
12.9231
13.2158
12.9445
13.1484
13.1691
13.2363
13.202
13.0694
12.897
12.9507
13.3578
12.8127
12.6493
12.4272
13.0274
13.0349
13.0564
13.1699
12.8081
13.1301
12.6377
12.5183
12.9511
13.5289
13.0355
13.022
13.2092
12.9471
13.2352
12.5766
12.9683
12.8373
12.9942
12.9525
12.9547
12.8056
12.9852
13.1476
13.1943
13.2725
12.8019
13.1121
12.9759
12.7819
12.8111
13.0104
13.115
13.1605
12.7756
13.2918
12.8932
13.2218
12.8583
12.485
13.2175
12.7324
13.1245
12.6079
12.9866
13.2715
12.9174
12.9334
12.7074
12.6714
13.1023
13.2631
13.0923
12.8366
12.9554
13.3785
13.109
12.9094
12.9059
13.1189
12.7098
13.0878
12.9579
13.2483
13.0876
13.1144
12.9639
13.2654
12.9258
12.9069
13.0169
13.586
12.9378
12.8205
12.7701
13.0953
13.5392
12.8653
13.0453
13.2676
13.4546
13.6423
12.8331
13.1658
12.6756
12.9034
12.7325
12.6676
13.458
13.0726
12.8615
13.0578
13.0772
12.963
12.6385
12.589
12.8263
13.5913
13.0815
12.92
13.211
13.2357
13.2706
12.7295
13.0079
12.9231
12.9633
13.0063
13.3742
12.949
12.6474
12.9483
13.0745
13.2069
13.3053
13.0913
12.9427
13.1244
12.8171
13.3271
12.6258
13.1989
12.8381
12.785
13.2277
13.291
13.0023
13.0072
13.5998
12.6804
13.2546
12.5779
13.1851
13.3685
12.9071
12.7778
12.8234
13.0947
12.5094
12.8759
13.2398
13.0037
12.832
13.2498
13.4854
13.1208
12.7978
13.2141
12.7658
13.0521
13.2974
12.5572
12.5767
12.7317
13.3132
13.1335
13.4178
12.9585
13.3878
12.9086
13.1878
13.1945
12.9888
13.1644
12.7734
12.919
13.1354
13.019
12.8882
12.9255
13.1584
13.0743
13.3681
12.7697
13.1317
13.1036
12.8787
13.0472
13.0206
13.1707
13.449
12.775
12.7745
13.2172
12.9317
12.9109
13.0366
12.7094
12.9851
13.1348
12.6029
13.1935
12.8593
12.6787
12.9686
12.6146
12.9991
12.8313
12.6568
13.0895
12.6877
12.936
12.6065
12.8641
13.1572
12.9927
12.9487
13.1344
13.0336
13.2586
12.9439
12.654
12.7272
12.8393
12.8237
13.2347
12.7351
12.7796
12.9843
12.9174
12.7569
13.3641
13.0861
12.6902
13.0047
13.1119
13.3558
13.0546
12.8445
12.6984
12.8826
12.3169
12.6396
12.7781
13.2616
13.3369
12.8303
12.6065
13.0412
13.4664
12.9301
12.8843
13.0069
12.8618
12.5673
12.6697
13.2577
12.708
12.9097
12.7813
13.3862
13.4269
13.4848
13.2617
12.6179
12.8386
13.0695
13.0722
12.6076
12.9718
13.0683
12.6426
12.797
12.9303
13.0047
13.115
12.3273
12.5586
12.9541
12.9719
13.1648
12.089
12.7142
13.1309
12.7827
12.9945
12.6442
12.7697
13.192
12.7504
12.6356
13.2072
12.6346
13.0365
12.6751
12.59
12.8464
12.915
12.7615
12.7379
12.7481
12.7088
12.3612
13.0852
12.732
12.6629
12.4007
12.8076
12.8164
12.7012
13.0644
12.5947
12.6182
12.9339
13.0881
13.1582
12.7207
12.7322
13.2165
12.984
12.5847
12.831
12.5274
13.1267
12.9447
13.1423
13.0225
12.9281
13.0762
12.4306
13.0052
12.7014
12.4917
13.1041
12.6266
12.9181
12.8687
12.9707
12.739
12.8094
13.0371
13.0079
13.04
12.5087
12.8213
13.1164
12.7428
12.6967
13.1899
13.0241
12.9967
12.7515
12.9118
12.5429
12.6213
13.0745
12.7173
12.7959
12.9701
12.8567
12.9091
13.4161
12.7912
12.7856
12.9014
12.7817
12.6353
13.0283
12.9224
13.5605
12.6681
12.7554
13.023
13.0275
13.1469
12.6212
12.4705
13.0878
12.7304
13.0177
13.0036
12.5725
12.9219
13.1647
13.0883
12.9019
12.7342
12.7993
12.6026
13.1798
12.355
12.8908
12.9773
13.0607
12.9221
12.8235
12.7845
12.9863
13.0184
12.8314
12.5771
12.7505
12.6601
12.691
13.1592
12.5573
12.7522
13.1051
13.0931
12.8624
12.7331
12.7072
13.1679
13.0413
12.8458
12.7575
12.4421
12.9085
12.6523
12.8754
12.5338
12.7445
12.8896
12.7435
12.9422
12.5888
12.9028
13.0279
12.9071
12.8374
13.1688
12.4665
12.8579
12.8493
13.1871
12.8222
12.9566
13.0152
12.8395
13.2169
13.1342
12.9627
12.8944
13.2008
12.7465
12.9648
12.5093
12.79
12.9475
12.9857
12.9011
12.5769
13.1244
12.485
12.9363
12.9434
13.3317
13.1835
12.9575
12.5709
13.059
13.1381
13.1786
12.9928
13.1027
13.0556
13.0764
12.8026
12.9572
12.722
13.1338
13.0371
12.6044
13.1389
12.5924
12.9631
12.7888
13.0628
12.8218
12.8457
12.5796
12.9922
12.81
12.7122
13.249
12.8196
12.8204
12.795
12.9295
12.288
12.9132
12.8077
12.7425
12.6512
12.6153
13.0261
13.2777
12.8328
12.5709
12.7792
13.0845
13.1478
12.567
12.7971
13.0283
12.7561
12.8865
12.6902
12.8021
12.9368
12.6857
12.9381
13.0162
12.9982
12.8021
12.9848
12.9014
12.8407
12.9989
12.3022
12.6633
12.9134
13.0526
12.9001
13.0752
13.1445
12.9321
13.1041
12.9886
13.029
13.2201
13.2275
12.9645
12.6883
12.539
12.6797
13.1166
12.6405
12.8451
13.3088
12.594
12.5333
12.5724
13.0183
13.3347
12.795
12.5979
13.0941
12.8084
13.4118
12.574
12.4513
13.2108
12.4345
12.6988
12.7284
12.8199
12.8375
12.5841
12.6732
13.1782
13.1183
12.5827
12.7695
12.6274
13.0865
12.6873
12.6182
13.137
12.2816
12.9021
12.8821
13.1126
13.0002
12.9446
12.7065
12.5894
12.7361
12.6929
12.7454
12.3862
12.8961
12.5799
13.0601
12.852
12.9296
12.8419
13.1482
12.9296
12.7439
13.0962
12.8181
13.0407
12.2857
12.7771
12.5338
13.1781
13.0684
12.8274
13.074
12.9694
12.6603
12.9937
12.6201
12.5739
12.7852
12.9227
12.918
12.9741
13.0367
12.9614
13.2107
13.067
13.1604
13.1733
12.8687
12.7904
12.9816
12.7973
13.0402
12.821
13.2112
12.9975
13.0869
13.2944
13.243
13.0676
12.9956
13.0175
13.1969
13.1554
12.8878
12.9586
12.8083
13.3367
13.1049
12.9
13.0063
13.5776
13.1895
12.974
13.4226
12.8237
12.9797
13.3223
12.7556
13.307
12.8366
12.9617
13.1065
12.8785
13.0976
12.9307
13.2811
13.1704
12.7719
12.9356
13.2112
12.8559
13.5587
13.1837
12.9746
12.9555
13.3399
12.9338
13.2554
12.7972
12.9971
13.2613
13.1952
12.9743
13.0954
13.0116
13.2389
13.1475
13.096
13.3132
13.6075
13.0686
12.9555
12.8145
12.9358
13.1951
13.1758
12.9952
13.0952
13.251
13.1975
12.9911
13.1254
13.0477
13.2099
13.0371
12.872
12.9955
13.3854
12.8745
13.3211
13.6428
13.2707
13.5096
13.2435
13.2641
13.2896
13.0061
13.2585
13.7046
12.9568
12.9571
12.6894
12.8058
12.7612
12.9085
12.9984
13.0376
13.5054
12.9281
12.7433
13.0375
13.1492
13.1482
12.8089
12.7608
13.2721
13.1197
12.706
13.1893
13.1332
12.7678
12.562
12.9567
12.9294
12.9332
12.8211
13.137
13.2781
12.6027
12.5074
12.9547
13.2124
13.3735
12.7698
13.3276
12.9338
13.0184
13.3116
12.9093
12.8297
13.0633
13.0031
13.2031
13.0823
12.9039
13.5014
12.7334
12.9463
13.3764
12.8428
13.2442
13.1767
12.6791
12.5402
12.4088
12.9352
12.6051
12.9293
12.9108
13.155
12.8189
13.0996
13.132
12.847
12.8693
12.8442
13.0611
13.2895
12.9858
13.1948
13.0696
12.7947
12.7961
13.0365
13.0202
12.9652
13.0337
12.9589
12.8985
13.0303
12.9508
13.4134
12.8803
13.0678
13.0799
12.6889
12.8798
12.6964
12.7514
12.6826
13.1135
13.229
13.1768
12.8184
12.9798
12.9243
13.2808
12.8304
12.5471
12.9262
12.7696
12.7222
13.5339
13.2409
13.0567
12.8622
12.9385
13.3376
12.9736
12.8438
12.9341
12.9143
12.9329
12.6691
12.9795
12.9617
12.7584
12.9234
13.0512
12.8426
13.3241
13.0113
13.0621
13.0645
12.9012
12.7516
13.0958
12.7908
12.8567
13.0121
12.8752
12.9552
13.2182
12.883
13.2114
13.4895
13.0824
13.1571
12.8939
12.9381
13.0648
12.9465
13.0955
13.0846
13.0512
13.0128
13.168
13.1897
12.688
13.1658
12.5729
13.212
12.9962
12.8754
12.7965
12.9919
12.9198
13.1136
13.1607
12.8785
13.2612
13.1662
13.0265
12.9169
12.7292
13.3909
12.4527
13.0328
12.9561
12.9395
12.8831
12.7986
12.8562
13.3854
13.1737
12.631
12.8595
13.0629
13.0528
13.1698
12.5511
12.9015
13.0292
12.8727
12.9737
12.7414
12.8724
12.7915
12.7138
13.0457
13.2726
13.1895
13.1917
12.6319
13.2261
12.8532
12.6393
12.8411
12.6556
12.5693
12.9602
12.7422
13.054
12.6553
13.1112
12.7239
13.1595
12.7548
12.9833
13.1019
12.6835
12.5992
13.1853
12.8118
12.9373
13.0637
12.8181
12.9239
12.7276
12.8074
13.0483
12.8371
12.9652
12.6264
13.1409
12.5867
12.9733
12.9742
13.0361
13.3391
12.9771
13.1966
12.892
12.8624
12.9107
12.9187
12.9965
12.897
12.5495
12.6527
12.6957
13.1431
13.0109
12.8214
12.9892
13.2071
13.0917
12.7165
13.1195
12.7949
12.6344
12.6609
12.8073
12.7555
12.3229
13.0298
12.3655
12.8426
12.5171
13.0975
12.5344
13.1198
12.6256
12.4097
12.8897
12.8967
12.5661
13.2131
12.6197
12.5046
12.7963
13.1104
13.1419
12.7612
12.9744
12.8543
12.8403
12.4807
12.9896
12.7925
12.4674
12.7233
12.7816
13.1966
12.733
12.7928
13.2098
12.7007
12.8538
12.8866
12.904
12.7478
12.9995
12.7531
13.1117
12.7806
12.5709
12.9581
12.4957
12.8246
12.9378
12.628
12.8923
12.8727
12.9832
12.4993
12.833
12.7494
13.0129
12.8343
12.86
13.0368
12.8296
12.6325
12.8466
12.7083
12.995
12.5208
12.7414
12.6582
12.6909
13.2452
12.4456
12.6548
13.3595
12.6472
12.8287
13.2762
12.7067
12.8383
13.1472
12.6699
13.0355
12.7141
12.8077
12.6393
12.6886
13.1293
12.7248
12.6252
13.0799
13.0868
12.8686
13.0275
13.0784
13.0384
12.5787
12.7532
12.9499
12.7688
13.0775
12.517
12.7951
13.1394
13.0516
12.5849
12.8294
12.8729
12.9692
12.603
12.7982
12.667
12.8729
12.6053
13.1606
12.9711
12.7782
13.2539
12.4862
12.5427
12.7523
12.8731
13.1814
12.77
12.6458
13.0958
13.0336
12.5821
12.7754
12.546
13.0312
12.837
12.9778
13.0092
12.7387
12.9031
12.6507
13.1138
12.5523
13.0482
12.8531
12.638
12.9366
12.7862
12.5753
13.1904
12.5919
12.7095
13.0201
12.3539
12.6291
12.755
13.2335
12.7258
12.8714
13.3519
12.8313
13.1594
12.9868
12.6826
13.0835
12.4508
12.6539
12.5691
13.2043
12.6637
13.1733
12.7048
12.8811
12.9056
12.5498
12.6294
12.7559
13.0503
12.573
12.7707
12.6065
12.5126
12.9962
12.9682
12.5537
12.8157
12.8822
13.0682
12.8628
12.9802
12.7338
12.6894
13.1438
13.1515
12.8316
13.0003
12.6873
12.8241
12.6516
12.6421
13.2417
13.4803
12.6168
12.793
12.7187
12.9979
12.8742
12.8315
12.5032
13.4366
12.6031
12.7424
12.9448
12.6658
12.9531
13.1287
12.3749
12.7741
12.721
12.5811
12.6325
12.9294
12.8613
12.9074
12.8671
12.8804
13.5541
12.774
12.4132
12.7433
12.4014
13.4113
12.9306
12.8937
12.9614
12.417
12.9284
13.0025
12.9138
13.1413
12.6787
12.9362
13.0785
13.1142
13.317
12.744
12.5702
12.7377
12.3998
12.9434
13.458
12.833
12.8485
12.9681
12.8805
13.2796
13.1585
12.6057
12.8479
13.2135
12.8344
12.8275
12.6902
13.0499
13.0142
13.0088
12.8438
13.0976
12.9082
12.9169
12.9465
13.0781
13.0496
12.9961
13.3673
12.932
12.9576
12.8462
12.9946
13.2734
13.4263
13.0069
13.1154
13.2587
12.7529
13.0334
13.0511
12.677
13.1837
13.0981
13.2597
12.9338
13.0969
13.6835
13.2992
13.6044
13.4491
12.9849
12.9526
12.696
13.148
13.129
13.0696
13.1794
13.0387
13.2601
12.7037
12.5304
13.0236
13.1865
13.0352
13.1377
13.0972
12.8776
13.0374
13.1518
12.9111
13.1087
13.1758
13.0324
13.1727
13.3597
13.3095
12.8209
13.2714
13.2134
13.1876
13.2979
13.1337
13.1215
12.7175
13.1114
13.1435
13.4378
12.764
13.2688
13.3053
13.1848
12.7158
13.5589
13.0147
13.0262
13.081
12.917
12.7759
13.3577
12.9003
13.0381
13.3332
12.9493
12.8966
13.1724
13.1829
12.7696
13.0157
13.5834
12.8804
13.0322
13.1458
12.6612
13.3849
13.1448
13.2354
13.0356
12.9552
12.8945
13.3569
13.003
13.2347
13.1471
13.0943
13.0759
12.9874
13.2027
12.7184
13.4335
13.0878
12.9351
13.4253
13.22
13.185
13.0628
13.3484
13.1132
13.1778
12.751
13.3351
12.7648
12.7914
13.0095
12.7133
12.6524
12.6657
13.4788
13.1677
13.0322
13.2785
13.1393
12.9765
12.9292
13.0212
13.1434
13.5778
12.8249
13.463
12.6935
13.4481
12.7783
13.0174
13.0347
13.1451
12.492
13.1104
12.9072
12.8329
12.7495
12.9628
12.6701
12.6551
12.8427
12.8967
12.8257
12.762
13.0296
12.5687
12.7551
13.0098
12.5653
13.1556
12.6925
12.9162
13.0005
13.0962
12.7608
12.8834
13.2845
12.778
12.6906
13.0331
12.3699
13.4735
12.9618
13.029
12.8827
12.8786
12.5866
12.709
12.7272
12.8518
12.6232
13.1113
13.0229
12.7982
12.6805
12.695
12.8647
13.0091
12.8382
12.863
12.3988
12.8353
12.67
12.9145
12.8653
12.8319
12.5427
12.8903
12.6517
12.7336
12.468
13.1175
12.8451
13.3183
12.7895
12.8871
13.3454
13.0701
12.8728
13.0944
12.988
12.896
13.2371
12.3686
12.7712
13.0573
12.9241
13.0472
12.9288
12.3472
12.615
12.2111
12.5573
12.5428
12.6545
12.727
12.6274
12.6067
12.833
12.9318
12.5771
12.6501
12.2807
12.5688
12.7434
12.5945
12.6442
12.7695
12.9539
13.0136
12.7947
12.7444
13.0015
12.5491
12.6103
12.5932
12.7135
12.4313
12.2626
12.622
12.9991
12.816
12.9195
12.7957
12.4674
12.903
12.9106
12.9263
13.2457
12.5953
12.9477
12.5506
12.6682
12.7663
12.9057
12.4021
12.6245
13.0723
12.8742
12.5721
12.6601
12.2337
12.7932
12.949
12.5686
12.5459
12.5471
12.652
12.8091
12.7773
12.8491
13.1076
12.839
12.7977
12.813
12.3414
13.0711
12.5342
12.9513
12.6857
12.705
12.6476
12.9123
13.0105
13.4307
12.8924
12.8549
12.9979
13.2025
13.1051
13.0769
12.8248
13.473
12.5906
13.1836
12.6733
12.5825
13.2208
13.0883
12.9928
13.0988
13.0662
13.076
13.4085
13.04
12.8104
12.9266
12.8386
12.8459
13.0133
13.118
13.058
13.1681
13.4822
12.3224
13.0799
12.7585
12.7838
12.9399
12.7788
13.06
13.2505
12.844
12.6597
13.0756
12.6599
12.983
13.0752
13.083
12.8409
12.948
13.2387
12.911
12.8632
13.243
13.1919
12.7235
13.2747
13.1403
12.7152
12.6913
12.7183
13.3931
13.0258
13.3276
13.059
13.0565
13.3823
12.9294
13.343
12.652
13.1534
12.9648
12.9126
12.9901
13.2958
12.9324
12.7482
12.8757
12.6915
13.0329
12.6975
13.0266
12.769
12.8719
12.8337
12.721
12.9206
13.0898
12.6425
12.893
12.6731
13.2168
12.8471
13.0648
12.6757
12.8017
12.9377
13.0668
12.9115
12.6813
13.1052
12.7715
12.797
12.4796
12.7978
12.7776
12.9065
12.477
13.0727
12.6248
12.9287
12.9418
12.6736
12.7979
13.0871
12.5105
13.1028
12.7788
13.1953
12.6917
13.1189
13.0328
12.5967
12.8803
13.0457
13.312
12.5194
12.7062
13.1672
13.0399
13.2834
12.8322
12.8914
12.9523
12.826
13.1667
12.7672
12.6883
13.0142
12.631
12.6247
13.0852
13.1629
13.1052
13.033
13.0146
12.8287
12.8281
13.2326
12.6062
12.767
13.0593
12.9973
12.7036
13.3788
13.0613
12.9155
12.8648
13.0608
13.2251
12.8571
13.0876
13.077
12.4442
13.1274
12.6354
12.8772
12.9978
13.0384
12.6867
12.9418
13.1589
12.8311
13.0355
12.6084
13.0768
13.0971
12.838
13.0369
12.8746
12.4501
13.1306
12.6884
12.298
13.3124
12.7751
13.0158
13.1736
12.6891
12.8867
13.1095
12.631
12.3199
12.8197
12.9661
13.0055
12.9704
13.4611
13.2258
12.9023
13.1255
13.162
12.6691
13.1907
13.2288
12.6357
12.7217
13.2388
13.0502
12.8558
13.132
12.8205
12.9448
13.0452
12.9594
12.8408
13.159
13.0726
12.7479
13.2894
12.6344
12.9899
12.7281
12.8643
12.7357
12.5318
12.9874
12.7978
12.2454
13.0558
12.9921
12.5832
12.6003
12.3892
12.9723
12.8842
12.476
13.0188
12.5736
13.0398
12.6829
12.5939
12.9082
12.7097
12.8459
12.9802
12.0924
12.6698
12.8333
12.3635
13.2218
12.286
12.8618
13.0468
13.0833
12.6224
12.5054
12.3307
13.08
12.988
12.7067
13.0278
12.6101
12.9749
13.0817
12.6044
12.5066
12.6764
13.0647
13.0314
12.7791
12.7909
12.7709
12.7914
12.4918
12.8191
12.7765
12.4225
12.5848
12.8611
13.2862
12.9548
12.7942
12.7571
13.0717
13.1534
12.8892
12.6397
12.8261
13.0137
12.8099
12.6719
12.2896
12.9593
12.9866
12.4523
12.6555
12.5963
12.7302
13.05
12.8951
12.723
12.5656
12.6548
12.5941
12.7218
12.6942
12.6626
12.3303
12.9253
13.1635
12.5671
12.7453
13.0513
13.0723
12.848
12.6071
12.9821
12.9238
13.1692
12.7503
12.8879
12.3564
13.0787
12.8512
13.2668
12.4518
12.9422
12.7666
13.0575
13.0536
13.1293
12.9105
12.9855
13.1258
12.6551
12.9869
12.7839
12.9027
12.62
13.2118
12.838
13.0687
12.7768
12.9724
12.9571
13.0722
12.9216
12.846
12.7863
12.7635
12.7618
12.5028
12.9834
12.8571
13.2367
13.0662
12.6534
12.8984
12.7203
13.1679
12.4347
12.6587
12.4864
12.7115
12.809
13.2218
13.0131
13.1158
12.9686
13.1754
12.8875
13.0848
12.816
12.6061
13.1284
12.8831
12.9888
12.9728
13.4116
13.3952
12.8984
13.4028
13.0578
12.588
13.214
12.8923
12.7106
12.8114
13.0247
13.163
13.144
12.8459
12.6459
13.2087
12.9066
12.7905
13.3199
13.0708
13.5128
12.7095
13.0479
13.1566
13.0764
13.3633
12.509
13.1672
12.8696
12.8936
12.6975
13.0608
12.8776
12.6302
12.9323
12.9917
13.2087
13.0394
12.7545
12.888
12.9701
12.7176
13.0415
13.026
13.0509
13.1433
12.7975
12.911
13.4151
13.0391
13.0592
12.959
12.887
13.0599
12.5636
12.8937
12.8312
12.6923
13.2117
12.8764
12.6152
12.7528
12.9261
12.7175
12.8418
12.7198
12.8646
12.6387
12.9929
12.8378
12.7622
12.7887
12.7657
13.0935
13.1555
12.8817
12.7433
12.8624
12.7928
12.8814
12.721
12.632
12.4225
12.9207
12.7682
13.1342
13.1031
13.004
12.4562
13.1442
13.1476
12.8542
13.0275
12.874
12.9118
12.482
12.7583
12.8158
12.5627
12.9302
13.008
12.7936
12.8328
12.5632
13.2747
12.6469
12.774
12.8529
12.6414
12.3921
12.8032
13.0134
13.1164
12.8082
12.7179
13.2177
12.9142
12.9267
12.8089
12.6333
13.0411
12.3487
13.0867
12.7038
12.9533
13.05
13.0045
12.7498
12.5812
12.9209
12.9951
13.2342
12.735
12.605
12.583
12.5796
12.8956
12.8237
12.7431
12.7097
13.0734
12.6058
13.0417
13.072
12.892
12.6007
12.8829
12.6122
12.4942
12.7084
12.8405
12.704
13.3054
12.8903
12.8199
13.1124
12.7437
13.0178
12.9597
12.7633
12.5458
12.9809
12.5047
12.5267
12.9173
12.6119
12.4769
12.1193
12.6216
12.8751
12.8991
12.7832
13.1401
12.7979
12.5495
12.7015
12.7218
12.8193
12.6016
12.8615
12.7225
12.6168
13.0749
12.6535
12.765
12.9027
12.9641
12.8378
12.6968
12.655
12.8138
12.7831
13.028
13.26
13.1404
13.0663
13.1719
13.2442
12.8864
12.9943
12.6448
12.7746
13.1665
12.9578
13.4052
13.1835
12.7777
12.8736
12.8585
13.3954
13.3215
13.0829
13.2711
12.9359
12.9059
13.1886
13.3641
13.0236
12.8646
13.3328
13.2206
13.0822
13.0628
12.9064
13.3979
13.1153
12.9726
13.0183
12.9947
13.0862
13.0613
13.2169
12.9898
13.056
13.1107
12.9402
13.3918
12.8844
13.0066
13.0276
13.0279
13.0936
13.2736
12.8394
12.9283
13.0971
12.9224
13.2892
13.2739
13.0114
13.4817
13.3777
13.0941
13.3855
12.7898
13.0104
12.4936
13.1715
12.8741
13.2148
13.0384
12.6957
12.7484
13.1043
13.0822
12.9036
12.6948
12.4918
13.0247
13.1323
12.5819
12.7474
12.6095
13.1143
12.9619
12.4031
13.195
12.7075
12.5495
12.7395
13.0967
12.7078
13.1551
12.697
12.902
12.6711
13.0023
13.2723
12.5529
12.8132
13.0049
12.8894
13.1149
12.8075
13.0313
12.9995
12.8308
12.7783
12.7072
13.0981
13.0699
12.9741
12.9271
13.0056
12.8985
12.7506
12.764
12.7902
13.0488
13.0847
12.6694
12.779
12.9415
12.8734
13.0504
12.9574
12.9855
12.6836
13.3531
13.0042
12.9945
13.1711
13.0197
13.0607
12.6307
13.2265
13.2868
13.0712
12.6437
13.0756
12.9394
12.9712
13.0547
13.1998
13.0471
12.8738
12.7785
12.8052
13.1468
13.2929
12.6203
13.4285
12.9033
12.5182
12.673
12.9254
12.6987
13.2769
12.65
12.926
12.9067
12.9599
13.0801
13.0158
12.6539
12.9857
13.0248
12.768
12.7062
12.7551
12.8749
12.4275
13.0731
12.7596
12.952
12.7412
12.7267
13.4813
12.6323
12.6539
12.8167
13.292
13.1336
12.9241
12.8453
12.6378
13.0933
12.5917
12.9504
12.9814
12.8086
12.9728
12.9435
12.8892
12.8199
12.9653
12.9105
12.8842
13.1142
12.7161
12.774
12.672
12.7966
12.9917
13.1316
13.0322
13.0109
12.6927
13.1528
13.0931
13.088
12.4943
12.9685
13.3536
12.9548
12.9812
13.225
12.8009
12.6548
12.6794
12.7906
13.1746
12.998
12.8704
13.0444
13.1519
13.3061
13.184
12.9413
13.1076
12.7987
13.0958
13.5451
13.1286
12.7479
12.8719
12.8022
12.777
12.9985
13.0791
13.0365
12.5447
13.1455
12.6846
12.9182
12.7308
12.8028
12.7892
12.8064
12.3282
12.7965
13.3744
12.9287
13.3666
12.462
13.1967
12.8708
12.884
12.8252
12.9223
12.9311
12.8107
12.973
12.8839
13.0312
13.1037
13.0974
12.858
13.2261
12.7336
12.7219
12.9104
12.5783
12.7151
12.833
12.5423
13.113
12.6798
12.5518
12.6802
12.661
12.559
12.7313
12.7843
12.8083
12.6491
13.0154
12.9311
13.2415
13.0215
12.7845
12.5382
13.1905
12.7153
12.66
13.0015
12.8216
13.2076
12.3105
12.7276
12.4139
12.713
13.1124
12.87
13.0049
12.5174
12.5174
12.8882
12.6249
12.883
12.5626
12.6453
12.9881
12.7193
12.781
12.6937
13.0782
13.0163
12.987
12.6505
13.0739
13.113
12.5376
12.647
12.7088
12.9843
12.4349
12.8321
13.1067
12.8646
12.5207
13.1186
13.214
13.1895
12.8471
13.2413
13.026
13.3698
13.0349
13.0117
13.4242
13.1775
12.734
13.2199
13.2322
12.6562
13.2204
12.8437
13.0158
13.3557
13.2051
13.0482
13.2371
13.0772
12.944
13.0263
13.3174
13.2437
13.1947
13.0283
12.854
12.9433
13.0917
13.1786
12.9747
13.2229
12.8866
12.965
12.8614
12.8791
13.2173
12.9254
12.946
12.8637
12.5206
12.7704
13.5796
12.8587
13.1574
13.0073
12.9878
12.8714
13.2967
13.2821
13.2624
13.1479
12.8979
12.8411
13.1052
13.1466
12.4393
12.977
12.8024
13.0976
12.6577
12.8288
13.0597
13.0206
12.7991
12.8846
12.9085
13.3122
13.132
13.0793
13.0105
13.2989
12.9656
12.7995
12.7249
12.9309
13.521
13.0297
12.4571
12.7854
12.8249
12.8699
13.0365
12.9968
12.8442
13.0592
13.2088
12.8516
12.8499
12.8333
12.6022
12.5587
13.107
12.8266
13.0499
12.8082
12.7587
13.1469
12.6938
13.1816
12.7919
12.934
12.8262
12.772
13.4246
12.4162
12.9024
13.0268
13.0784
12.874
12.9448
13.1519
13.0552
12.7947
13.3077
12.6236
12.6189
12.5826
12.9479
13.0288
12.6967
13.0113
13.0155
12.8637
12.7906
12.5662
12.7628
13.1664
13.2423
12.8087
12.9435
12.8171
12.5889
13.3617
12.57
12.639
12.8446
13.2033
12.5265
12.7698
12.7454
13.4585
12.8503
12.9535
12.7682
12.8123
12.6064
12.7015
12.9149
12.8677
12.5782
12.481
12.877
12.8184
12.6227
12.7689
12.8654
12.9858
13.073
12.6813
12.724
12.3629
12.8071
12.729
12.7411
13.228
12.9186
12.9409
13.1782
12.9983
12.733
12.7983
13.3527
12.4936
12.9419
12.6167
12.8795
12.7882
12.8376
12.6222
12.626
12.801
12.1914
12.7875
12.6936
12.7175
12.7159
12.7244
12.4309
13.0437
13.3431
12.5701
12.7184
12.4994
12.5599
13.2501
12.9756
12.6321
13.153
13.0866
12.8911
12.8754
13.0193
13.0077
12.8516
12.6669
12.887
12.9276
12.8022
13.031
13.1054
13.2441
12.6486
12.9804
12.736
13.0863
12.6779
13.2552
12.7539
12.8701
12.9419
12.6953
12.8109
12.7429
13.2067
13.1073
12.7894
12.8327
13.0339
12.9721
12.9304
12.9379
12.5129
13.1411
12.771
13.0132
12.8226
12.8908
12.9049
12.9459
12.9798
13.1328
12.5956
12.8077
12.9909
12.925
12.5437
12.6974
12.6775
12.9305
12.8556
12.5144
12.7864
13.1974
12.8644
12.9963
13.1006
13.096
12.8432
13.3253
13.066
13.2524
13.0703
13.0094
12.5642
12.9105
12.9488
13.1236
12.8186
12.957
13.1268
12.8436
13.0118
12.8797
12.4365
13.0301
13.1553
12.8195
13.0657
12.9925
13.2272
13.1978
13.2789
13.187
13.0855
12.389
13.1729
13.0672
12.9729
12.7332
12.7714
12.8441
12.7565
13.2169
13.0778
12.8306
13.0149
12.9361
12.7779
12.6221
12.8623
12.7961
12.9414
12.6309
12.7127
12.9249
12.8597
12.74
12.7591
12.6037
13.0579
12.8677
12.8153
13.0607
12.4555
13.117
12.8372
12.8772
12.703
12.9273
13.1514
13.0349
12.8352
12.5902
12.8697
12.6191
12.6032
12.7486
12.8366
13.0712
13.0542
12.7823
12.8655
12.853
12.7391
12.8443
12.5942
13.2307
12.913
13.1382
13.2321
12.9569
12.9124
13.1996
13.0404
12.6804
13.2743
12.7917
13.2258
12.776
13.006
12.885
12.812
13.031
12.9496
12.8524
13.3941
12.6729
12.9247
12.7217
12.9182
12.8906
12.7083
12.979
12.8133
12.7913
12.7573
12.5296
12.9052
13.2554
12.7959
13.2191
12.7905
12.8881
12.8266
12.4354
12.5339
12.6236
13.1004
12.6784
12.591
12.9003
12.6798
13.0515
12.7958
12.8988
13.0648
12.9129
13.1096
12.6456
12.7162
12.6947
12.7623
12.794
12.9439
13.0282
12.7979
13.2592
12.6895
13.0019
12.9028
12.7906
13.2543
12.6743
13.1328
13.2207
12.7577
12.8182
12.9082
13.168
12.9716
12.6141
13.282
13.0612
12.9732
12.6513
12.9187
12.7138
12.8062
13.0342
12.5087
12.8275
12.9108
12.6503
13.01
12.449
12.4439
12.6517
12.8479
12.7727
12.4537
13.5458
12.8796
12.7798
12.6208
13.2162
12.5983
12.9066
13.1437
12.7311
12.8419
13.0683
12.7751
12.9272
12.6336
12.6873
12.749
12.6416
12.6125
13.0821
13.1356
13.127
13.1592
12.9167
13.3597
13.0155
13.1001
13.0042
12.7777
12.7993
12.7246
13.0652
13.0028
12.5163
13.0883
12.952
12.8947
13.3452
12.6493
13.1596
12.7041
13.0761
12.8391
12.6212
12.6538
13.1959
13.0312
13.0192
13.2698
12.6066
12.8216
13.0669
13.275
12.674
12.9777
13.1881
13.2803
13.1803
12.8722
12.8317
12.7947
12.8223
13.1965
13.0823
12.8178
13.1475
12.9105
13.1912
13.1155
13.0523
12.7833
13.307
12.7417
12.8986
13.0027
13.1497
12.7854
13.41
13.2729
13.2219
12.5854
13.143
12.6237
12.8635
12.467
12.6459
12.6142
13.159
12.7976
13.1045
12.8089
12.7036
12.7917
13.0793
12.773
12.6308
12.3699
12.827
13.003
12.9283
12.6135
13.0875
12.8358
13.196
12.5019
12.7613
12.7863
12.8823
12.7003
12.667
13.0584
12.4489
13.0178
12.625
12.7687
12.5743
12.6035
12.9094
12.7373
13.0801
13.0843
12.8626
12.416
12.7664
12.8585
13.0124
12.8808
13.0637
12.7597
12.7894
12.5473
12.5432
13.3142
12.835
12.7377
12.7103
12.585
12.6728
12.6397
12.9697
12.5057
12.799
13.2355
12.7789
12.8906
13.0251
13.0501
12.8145
12.4324
12.3655
13.059
12.9547
12.9679
13.1009
12.7556
13.219
13.1974
12.7181
13.2212
12.7074
12.9101
12.6258
13.1128
12.6377
13.0035
12.9176
13.2587
13.1603
13.0662
12.1705
13.0066
12.955
12.8102
12.8097
12.6406
12.4819
13.0351
13.2061
13.2012
12.9678
12.9694
13.0339
13.035
13.0729
13.2423
13.0094
12.7823
12.9115
12.6688
13.1467
12.9675
12.7974
13.1743
12.7203
12.8436
12.6202
12.4979
12.6506
12.9601
12.9081
12.7328
12.9846
12.6715
13.093
13.3283
12.6606
13.2902
13.2692
12.9588
13.1468
13.1595
12.7899
12.412
12.6761
12.3624
12.7804
13.0298
12.856
13.3704
12.9087
12.8173
12.6722
12.5501
13.0052
13.1153
12.8906
12.8431
12.6233
13.051
12.9753
13.254
12.9178
12.8305
12.9921
13.2933
13.1183
12.6215
12.9936
12.5149
12.9966
12.7588
13.0159
12.9199
12.6942
13.0373
12.5598
12.9908
12.6349
13.2073
13.0245
12.6597
12.9667
13.2105
13.1551
12.6852
13.0485
12.839
13.1209
13.3617
12.7054
12.5252
12.9669
12.6791
12.9067
12.7767
12.745
12.9648
13.0894
13.0565
12.9579
12.7116
12.5539
12.6279
12.6458
13.4603
12.9412
12.9575
12.4166
13.1407
12.9042
12.9462
12.8312
13.1259
12.768
13.1482
12.8393
13.1314
13.2853
12.9987
13.2663
13.0509
13.0296
12.8789
12.7926
13.1246
12.5653
13.1788
13.1926
12.7975
12.7768
13.1365
13.5208
12.9703
13.1145
12.6848
12.9381
12.9751
13.1666
12.8123
12.9111
12.8069
12.624
13.2082
13.0785
13.2401
13.2805
13.3423
12.9352
13.0573
12.9642
12.9651
13.2066
12.9205
13.0738
12.8224
12.9273
12.608
12.8717
12.7305
12.8481
12.7587
13.0191
12.6454
12.9981
13.0865
12.8658
12.9406
12.4811
13.0507
13.0605
12.9976
13.017
13.1702
13.099
13.0145
12.7644
12.9248
12.8924
13.2684
13.1361
12.8583
13.085
12.7885
12.9397
13.1474
12.9242
12.9223
13.2732
12.5035
12.7144
13.2295
13.232
12.6828
13.363
13.4582
13.0201
13.1548
13.1805
13.5608
12.9003
13.1799
13.6273
12.9992
13.1336
12.9476
13.33
12.968
13.217
13.4658
12.7609
13.0777
13.1198
13.2161
12.982
13.0626
12.76
12.6603
13.2818
13.2161
12.6798
12.9897
12.8241
12.8186
12.6753
12.4546
12.8048
12.8754
13.0236
12.6963
12.4933
13.059
12.7661
12.7254
12.8413
12.3562
13.2257
12.3987
12.4878
12.8968
12.4519
12.9154
12.7587
12.8934
12.2706
13.0625
12.5289
12.9889
12.731
12.645
12.7656
12.5227
12.5086
12.8744
12.7565
12.6121
12.7818
12.3708
12.738
12.9786
12.9558
13.0583
12.9591
12.7128
12.8079
12.3869
12.8847
13.1135
12.7779
12.9439
12.8063
12.772
13.1321
13.4214
13.1068
12.9891
12.6011
12.9849
12.8067
12.8616
13.2598
12.6766
12.8013
12.465
12.5287
12.3731
13.0814
12.7951
12.9336
12.7952
13.1974
12.5364
12.7774
12.8646
12.8904
13.0148
12.6861
12.9292
13.0187
13.3681
12.8554
13.3365
12.8966
12.9488
12.9297
12.9026
12.9331
12.7439
12.9125
12.9173
12.6608
12.9478
12.8571
12.6298
13.2189
12.7062
12.7271
12.7392
13.1451
13.0202
13.2332
12.7634
12.9408
12.7555
12.6877
13.2128
12.9866
13.0568
12.6816
12.845
12.7061
12.6696
13.1909
13.1122
12.971
12.3966
12.5855
12.9282
12.618
12.4871
12.9611
12.9153
12.6711
12.866
13.1605
13.1055
13.3251
12.7618
12.7482
13.1184
13.1485
12.9724
12.6107
13.0716
13.1687
13.1427
12.4242
12.9571
12.9538
13.0488
12.5449
12.9084
13.0522
12.7082
13.1796
12.5691
13.3854
13.1072
12.8487
12.9459
13.0293
12.9968
12.7195
12.7067
12.4637
12.4093
12.65
12.8593
12.8085
12.6275
12.4094
12.8415
13.117
12.8494
12.7338
12.7998
12.7455
12.8034
12.8415
12.785
13.1992
12.8703
13.0375
13.1161
12.8559
12.2101
12.8346
12.871
12.7864
13.1013
12.6006
12.7211
12.7202
12.3993
12.9095
12.6746
12.7204
12.9737
12.777
13.079
13.0168
12.7337
12.8673
12.6268
13.1253
12.8333
13.0574
12.9688
12.9547
12.6054
13.03
12.9674
12.9877
13.1208
13.3836
12.6421
13.1819
12.8735
13.0025
13.2976
12.6716
13.022
12.6663
12.8388
12.9934
12.7461
13.1607
12.9653
12.798
12.8121
13.4436
12.8344
12.7392
13.0805
13.0616
12.4016
12.907
12.884
12.9058
12.7604
12.504
12.983
13.3028
13.1623
12.6722
12.9226
12.9961
12.5349
12.8613
12.6594
12.8349
12.5882
13.0028
12.9003
12.7854
12.5358
12.9236
12.6746
12.7797
12.6835
12.6843
12.7335
12.7427
12.9662
13.447
12.9819
12.4004
12.8953
12.8987
13.1901
12.9671
12.6396
12.7946
12.5821
13.3856
12.6179
13.0096
13.0558
12.7854
12.4932
12.5219
12.9015
12.7929
12.7275
12.3569
12.7993
12.8862
12.5575
12.396
12.7189
12.4859
12.5565
12.4669
12.8656
13.1839
12.2878
12.6056
13.0436
12.9062
12.7461
12.4798
12.626
12.4142
12.9552
12.6813
12.9931
12.9352
12.9364
12.5148
12.8051
13.289
12.7019
12.4868
13.1813
12.2742
12.6516
12.6832
12.8926
13.4046
12.7618
13.2455
13.1074
13.3563
13.4033
13.353
13.3959
13.2863
13.1339
12.9641
13.0737
13.0596
13.0831
12.8184
12.7511
13.1344
13.0433
12.9524
12.9824
13.0271
13.331
12.958
12.9183
12.7911
13.2044
12.975
13.0561
13.2117
13.5111
12.8535
12.9641
13.3394
13.2434
12.9646
13.1547
12.8499
12.9074
12.6537
12.9623
12.9239
13.0232
12.5267
13.2549
12.9514
12.8237
13.3843
13.0353
12.8375
12.5416
13.4481
13.0776
12.8951
13.1632
13.0338
13.1703
13.3153
12.7622
13.1503
12.8774
13.1105
12.4812
13.2348
12.9566
12.8869
13.1361
13.0255
13.3052
13.0832
12.8197
13.3095
13.2935
13.1415
13.1414
13.6008
12.987
13.0964
12.7236
13.1548
13.3046
12.6985
13.0717
12.6809
12.5534
12.7942
12.7055
12.834
12.6354
13.0099
12.6789
12.7883
12.9522
13.1384
12.7996
12.4785
12.7434
13.013
12.6951
12.9472
12.8784
12.4749
12.4792
12.691
13.0572
12.6797
13.1476
13.1483
12.7011
12.7609
12.9277
12.6107
12.735
12.8644
12.7246
13.1686
12.4131
12.9225
12.6723
13.0133
13.1583
13.2376
13.4684
12.9146
13.1108
12.5965
13.1017
12.9198
12.8011
12.8642
12.9179
13.2674
12.7164
13.2422
12.7451
13.1714
12.862
13.1899
12.7731
12.9552
13.089
13.09
13.1116
13.2218
12.7179
12.9815
13.7514
13.6473
13.4498
12.7943
13.4182
13.2899
12.7841
12.6857
13.406
12.8205
12.6637
12.8297
12.5221
12.9279
12.4568
12.5198
12.6182
12.4614
12.9851
12.6769
13.126
12.6057
12.5511
12.711
13.2299
12.8994
12.965
12.5277
12.6781
12.9602
12.5036
13.1885
12.9519
13.2483
12.9644
12.6351
12.6864
12.7585
13.0104
12.6968
12.7034
12.3965
12.8294
12.4479
12.7315
13.3744
12.7566
13.0672
13.1091
13.2117
13.0531
12.9075
12.9063
13.0915
12.8887
13.7226
13.3672
12.7992
13.3256
13.4885
12.7358
13.1671
13.2128
12.6555
12.7018
13.2382
12.7403
13.0093
12.9187
12.9821
12.7537
12.8282
13.0413
12.7922
13.2281
12.9877
12.6274
13.0497
12.8338
12.8263
12.5413
12.6168
13.0443
13.1172
12.9012
13.2613
12.9045
12.8504
12.631
12.5715
13.0608
12.7086
13.2935
12.8446
13.1235
13.0677
12.6657
12.9013
12.8248
12.8568
13.2003
12.8389
13.1913
13.073
13.2602
12.9877
13.2026
13.1977
12.9435
13.1106
13.1542
12.9276
12.8747
12.8788
12.4302
12.8153
13.0511
12.1823
12.8076
12.9597
12.9462
13.1122
13.0657
12.9261
13.1226
12.8616
12.7158
13.0452
12.8928
13.0886
12.8668
12.7575
12.8448
12.6808
12.8793
12.6482
13.185
12.5526
13.0317
12.908
13.0419
13.147
12.8905
12.9228
12.6928
12.7155
12.9093
12.7977
12.5927
12.6704
13.3007
12.7547
13.3989
13.182
13.1523
13.0618
12.7509
13.2926
12.7802
13.2774
13.2567
12.9694
12.7546
12.7672
13.0218
13.0184
12.7551
13.008
13.1606
12.9988
12.6803
12.8643
13.4381
13.0861
12.8108
12.7276
13.1847
13.0097
12.8057
12.9016
12.2109
12.7261
13.0757
12.9206
12.9849
12.9017
12.9605
12.9023
12.6813
12.9212
12.7744
12.8932
12.7818
12.4861
12.3348
12.3321
13.0757
13.1275
12.6257
12.5422
13.155
13.0961
13.2179
13.2013
12.7571
13.333
12.6956
12.861
12.9695
12.7209
12.6292
13.0625
12.9508
12.8858
12.9379
12.9723
13.0256
12.8636
12.8477
13.0392
12.8273
13.3508
13.2342
13.0378
12.7811
12.4051
13.1939
12.5885
12.8415
13.1117
12.7213
13.2607
12.9243
13.5188
12.8009
13.0306
12.9056
12.8856
12.5456
13.0207
12.4039
12.7673
12.6388
12.6034
12.4674
13.0437
12.8286
12.4008
12.781
12.6566
12.524
12.7791
12.4865
12.6215
12.6837
13.0533
12.6796
12.619
12.734
12.5108
12.8515
13.0689
12.6877
13.1018
13.1285
12.4378
13.1403
12.5957
12.5692
12.5146
12.8172
13.1935
13.0785
12.9769
13.0246
13.2358
12.7944
12.975
13.1257
12.9349
13.0056
12.8679
12.7916
12.9208
12.5906
13.2206
12.8158
12.7009
13.1143
12.9325
12.6964
13.2496
13.3079
12.9286
13.1076
13.0164
12.8998
12.6003
12.5661
13.052
12.4998
13.0143
12.4795
12.8668
12.9482
12.9789
12.5517
12.9353
12.8856
12.5517
12.9075
12.8269
12.9206
12.8213
12.767
12.835
13.2431
12.8217
12.8297
12.9441
12.7098
12.6889
12.8254
12.9602
13.1291
12.7682
13.0268
12.5815
12.9042
12.7521
13.0936
12.6108
12.8505
12.8439
12.9386
12.8981
12.788
13.2228
12.721
13.1456
12.6762
13.3624
12.9235
13.3596
12.9604
12.5987
12.7953
12.9024
12.739
13.2406
13.1731
12.7259
12.9247
13.1329
13.3782
12.8689
12.7458
12.7529
12.6237
12.6702
13.339
13.0135
12.9987
12.9901
13.2329
13.0209
13.0146
13.0265
13.1435
12.789
12.9384
12.6427
13.0712
12.9055
13.0169
13.1437
12.9516
12.411
12.9553
12.8098
12.9825
13.0193
12.7222
12.8222
12.6893
12.9939
12.8591
13.2018
12.9488
13.0614
13.4618
13.3517
13.4576
12.7308
12.9927
12.9814
13.1415
12.9684
13.0779
12.9043
12.9505
13.2595
13.0192
12.8247
13.3871
12.8992
12.9807
12.4326
13.2712
13.1692
13.3315
12.8778
13.3948
13.1739
12.7585
13.2007
12.8671
12.7719
12.6006
13.048
12.8185
13.1041
12.7164
13.2372
12.9641
12.8486
12.5905
12.7028
12.8153
12.7901
12.8127
12.6012
13.3063
12.8388
12.6797
12.8034
13.0399
13.1333
12.6704
13.0994
12.9834
13.0191
12.3093
13.1604
13.1023
12.7369
12.8437
12.9973
12.8926
12.6038
12.595
13.1521
12.8119
13.0604
12.6065
12.6959
12.8333
12.751
12.7148
12.8049
12.9331
12.8017
13.0206
12.5023
13.1676
13.0144
13.1882
13.0175
12.6612
12.7566
12.6805
13.1736
12.9377
13.0269
12.982
13.0008
13.3079
13.1646
13.3115
13.004
13.0404
13.1144
13.2241
13.1277
12.7344
12.6522
13.3216
13.115
12.6329
12.6269
13.4181
12.6215
13.1159
13.1338
12.9115
13.2163
13.2299
12.8185
13.225
13.1204
12.9973
13.2157
13.1663
12.9586
13.2547
12.7535
12.9904
12.8253
13.4313
13.0888
13.188
12.8891
13.0866
13.2959
12.9642
12.4045
12.6863
13.6177
12.7836
13.0535
12.983
13.2194
13.1305
12.7416
12.9402
12.9303
12.6985
13.3083
12.9636
13.0715
13.3655
13.15
13.0741
12.7633
12.9719
12.726
13.4003
12.5252
12.7745
12.509
12.5851
13.1015
12.9429
13.2297
12.6024
12.9719
13.0832
13.1663
12.6049
12.4293
13.2534
12.3039
12.7667
12.5516
12.765
12.6404
13.2078
12.7436
13.031
12.704
13.0864
13.1204
12.95
12.8865
12.7568
13.0397
13.0417
12.7936
12.6399
12.5803
12.9698
12.7366
12.8882
12.8191
12.879
12.8631
12.8381
12.6865
13.0506
13.2361
12.621
12.9587
12.7866
12.5258
12.6894
13.136
12.9708
13.176
13.5249
13.0661
13.262
12.5962
13.2236
13.0417
12.9286
13.1387
12.7137
12.3036
13.3504
13.1079
12.9073
12.9061
12.6678
12.7891
12.886
12.9311
12.3271
12.8766
12.9164
12.7729
13.0194
13.3451
13.3059
13.086
13.1958
13.203
12.9286
12.828
13.1311
12.6597
13.0427
13.283
12.8124
13.0112
12.769
13.2429
12.5123
12.9579
12.6796
12.746
13.115
13.4033
13.177
12.8163
13.1515
12.8135
13.0752
12.5613
12.6454
13.214
13.211
12.8653
13.2001
12.7103
13.0051
12.7011
13.3053
13.0424
12.96
13.2717
12.7108
13.0463
12.8461
12.5758
12.9658
13.6123
12.7604
12.9043
13.049
13.2501
12.9532
12.2846
13.0053
12.6881
13.0864
13.074
12.8484
12.5785
13.4781
12.725
12.6239
12.6845
12.8975
13.0352
12.7193
